jd wavelength flux fluxerr code cflag memo
2450991.767627034 8.05926 2.0836900000000003 0.155615 568 999 UKIRT1998
2450991.767627034 8.24642 2.29235 0.147034 568 999 UKIRT1998
2450991.767627034 8.43345 2.69968 0.272981 568 999 UKIRT1998
2450991.767627034 8.62034 2.8042399999999996 0.13584700000000002 568 999 UKIRT1998
2450991.767627034 8.8068 2.96938 0.144157 568 999 UKIRT1998
2450991.767627034 8.99337 3.22229 0.163406 568 999 UKIRT1998
2450991.767627034 9.17978 3.18497 0.13822399999999999 568 999 UKIRT1998
2450991.767627034 9.92326 4.03562 0.1416 568 999 UKIRT1998
2450991.767627034 10.10869 4.1244700000000005 0.141142 568 999 UKIRT1998
2450991.767627034 10.29391 4.13103 0.11131300000000001 568 999 UKIRT1998
2450991.767627034 10.47862 4.29608 0.208429 568 999 UKIRT1998
2450991.767627034 10.6634 4.0643 0.161956 568 999 UKIRT1998
2450991.767627034 10.8479 4.53123 0.120073 568 999 UKIRT1998
2450991.767627034 11.0322 4.76975 0.23270300000000002 568 999 UKIRT1998
2450991.767627034 11.2159 4.916180000000001 0.16733 568 999 UKIRT1998
2450991.767627034 11.3996 4.90588 0.177549 568 999 UKIRT1998
2450991.767627034 11.5831 4.9287600000000005 0.15665700000000002 568 999 UKIRT1998
2450991.767627034 11.7662 5.1704 0.305373 568 999 UKIRT1998
2450991.767627034 11.9491 6.1435200000000005 0.270969 568 999 UKIRT1998
2450991.767627034 12.1314 5.6071800000000005 0.20146799999999998 568 999 UKIRT1998
2450991.767627034 12.3137 5.739920000000001 0.391946 568 999 UKIRT1998
2450991.767627034 12.4957 5.64996 0.358286 568 999 UKIRT1998
2450991.767627034 12.6773 6.42863 0.428693 568 999 UKIRT1998
2450991.767627034 12.8583 5.897550000000001 0.279615 568 999 UKIRT1998
2450991.767627034 13.0393 5.91871 0.439367 568 999 UKIRT1998
2450991.809986014 8.05926 2.20487 0.23031700000000002 568 999 UKIRT1998
2450991.809986014 8.24642 2.52073 0.195395 568 999 UKIRT1998
2450991.809986014 8.43345 2.78823 0.173181 568 999 UKIRT1998
2450991.809986014 8.62034 2.8539600000000003 0.185667 568 999 UKIRT1998
2450991.809986014 8.8068 3.10739 0.23063 568 999 UKIRT1998
2450991.809986014 8.99337 3.3894200000000003 0.199471 568 999 UKIRT1998
2450991.809986014 9.17978 3.55537 0.24580500000000002 568 999 UKIRT1998
2450991.809986014 9.92326 4.39894 0.232755 568 999 UKIRT1998
2450991.809986014 10.10869 3.9986300000000004 0.15384299999999998 568 999 UKIRT1998
2450991.809986014 10.29391 4.29209 0.166462 568 999 UKIRT1998
2450991.809986014 10.47862 4.52215 0.198085 568 999 UKIRT1998
2450991.809986014 10.6634 4.43213 0.21037200000000003 568 999 UKIRT1998
2450991.809986014 10.8479 4.47137 0.27785000000000004 568 999 UKIRT1998
2450991.809986014 11.0322 4.9591400000000005 0.232662 568 999 UKIRT1998
2450991.809986014 11.2159 4.70368 0.31544700000000003 568 999 UKIRT1998
2450991.809986014 11.3996 4.7847 0.363562 568 999 UKIRT1998
2450991.809986014 11.5831 4.815810000000001 0.308933 568 999 UKIRT1998
2450991.809986014 11.7662 4.511640000000001 1.31274 568 999 UKIRT1998
2450991.809986014 11.9491 6.15928 0.40185000000000004 568 999 UKIRT1998
2450991.809986014 12.1314 5.853350000000001 0.540658 568 999 UKIRT1998
2450991.809986014 12.3137 5.94773 0.473532 568 999 UKIRT1998
2450991.809986014 12.4957 5.52592 0.506209 568 999 UKIRT1998
2450991.809986014 12.6773 5.7851099999999995 0.506613 568 999 UKIRT1998
2450991.809986014 12.8583 5.9045000000000005 0.42421800000000004 568 999 UKIRT1998
2450991.809986014 13.0393 6.45575 0.5342060000000001 568 999 UKIRT1998
2450993.7376662632 8.05926 2.10882 0.08797740000000001 568 999 UKIRT1998
2450993.7376662632 8.24642 2.31939 0.0685283 568 999 UKIRT1998
2450993.7376662632 8.43345 2.49577 0.0627048 568 999 UKIRT1998
2450993.7376662632 8.62034 2.65421 0.1038072 568 999 UKIRT1998
2450993.7376662632 8.8068 2.75015 0.1024626 568 999 UKIRT1998
2450993.7376662632 8.99337 3.08162 0.0827787 568 999 UKIRT1998
2450993.7376662632 9.17978 3.04539 0.11717400000000001 568 999 UKIRT1998
2450993.7376662632 9.92326 3.94335 0.123541 568 999 UKIRT1998
2450993.7376662632 10.10869 3.9015100000000005 0.0841037 568 999 UKIRT1998
2450993.7376662632 10.29391 4.05915 0.1043485 568 999 UKIRT1998
2450993.7376662632 10.47862 4.25967 0.19709800000000002 568 999 UKIRT1998
2450993.7376662632 10.6634 4.28979 0.08231870000000001 568 999 UKIRT1998
2450993.7376662632 10.8479 4.42336 0.11861400000000001 568 999 UKIRT1998
2450993.7376662632 11.0322 4.6567 0.08514490000000001 568 999 UKIRT1998
2450993.7376662632 11.2159 5.0377600000000005 0.11189 568 999 UKIRT1998
2450993.7376662632 11.3996 4.96143 0.126452 568 999 UKIRT1998
2450993.7376662632 11.5831 4.88965 0.138767 568 999 UKIRT1998
2450993.7376662632 11.7662 5.15118 0.13382 568 999 UKIRT1998
2450993.7376662632 11.9491 5.21476 0.118538 568 999 UKIRT1998
2450993.7376662632 12.1314 5.66671 0.24601599999999998 568 999 UKIRT1998
2450993.7376662632 12.3137 5.30973 0.219555 568 999 UKIRT1998
2450993.7376662632 12.4957 5.6595699999999995 0.213454 568 999 UKIRT1998
2450993.7376662632 12.6773 5.52436 0.33259 568 999 UKIRT1998
2450993.7376662632 12.8583 6.15247 0.213257 568 999 UKIRT1998
2450993.7376662632 13.0393 6.27375 0.344203 568 999 UKIRT1998
2450993.7432215353 8.05926 2.1724 0.1007172 568 999 UKIRT1998
2450993.7432215353 8.24642 2.25723 0.06751810000000001 568 999 UKIRT1998
2450993.7432215353 8.43345 2.48117 0.079466 568 999 UKIRT1998
2450993.7432215353 8.62034 2.6991 0.106602 568 999 UKIRT1998
2450993.7432215353 8.8068 2.7481 0.101927 568 999 UKIRT1998
2450993.7432215353 8.99337 2.95826 0.121333 568 999 UKIRT1998
2450993.7432215353 9.17978 3.2927 0.130861 568 999 UKIRT1998
2450993.7432215353 9.92326 3.93417 0.127381 568 999 UKIRT1998
2450993.7432215353 10.10869 3.89833 0.128152 568 999 UKIRT1998
2450993.7432215353 10.29391 4.06431 0.115307 568 999 UKIRT1998
2450993.7432215353 10.47862 4.2523100000000005 0.31548000000000004 568 999 UKIRT1998
2450993.7432215353 10.6634 4.0987100000000005 0.117059 568 999 UKIRT1998
2450993.7432215353 10.8479 4.30163 0.124863 568 999 UKIRT1998
2450993.7432215353 11.0322 4.44966 0.109229 568 999 UKIRT1998
2450993.7432215353 11.2159 4.71039 0.15568700000000002 568 999 UKIRT1998
2450993.7432215353 11.3996 4.84704 0.18099500000000002 568 999 UKIRT1998
2450993.7432215353 11.5831 4.6815 0.10791500000000001 568 999 UKIRT1998
2450993.7432215353 11.7662 5.17351 0.11441899999999999 568 999 UKIRT1998
2450993.7432215353 11.9491 5.11791 0.17553 568 999 UKIRT1998
2450993.7432215353 12.1314 5.287170000000001 0.23472900000000002 568 999 UKIRT1998
2450993.7432215353 12.3137 5.28225 0.14801499999999998 568 999 UKIRT1998
2450993.7432215353 12.4957 5.913930000000001 0.293997 568 999 UKIRT1998
2450993.7432215353 12.6773 5.49089 0.19388300000000003 568 999 UKIRT1998
2450993.7432215353 12.8583 5.76563 0.11224200000000001 568 999 UKIRT1998
2450993.7432215353 13.0393 6.07946 0.244588 568 999 UKIRT1998
2450994.7403925494 8.05926 1.9174600000000002 0.0780296 568 999 UKIRT1998
2450994.7403925494 8.24642 2.13207 0.10779000000000001 568 999 UKIRT1998
2450994.7403925494 8.43345 2.27644 0.11795900000000001 568 999 UKIRT1998
2450994.7403925494 8.62034 2.5137600000000004 0.116915 568 999 UKIRT1998
2450994.7403925494 8.8068 2.5633600000000003 0.10896800000000001 568 999 UKIRT1998
2450994.7403925494 8.99337 2.5960300000000003 0.152492 568 999 UKIRT1998
2450994.7403925494 9.17978 3.16546 0.111001 568 999 UKIRT1998
2450994.7403925494 9.92326 3.47859 0.116944 568 999 UKIRT1998
2450994.7403925494 10.10869 3.5660100000000003 0.1051658 568 999 UKIRT1998
2450994.7403925494 10.29391 3.53337 0.08663670000000001 568 999 UKIRT1998
2450994.7403925494 10.47862 3.8313800000000002 0.23780500000000002 568 999 UKIRT1998
2450994.7403925494 10.6634 4.1823999999999995 0.139139 568 999 UKIRT1998
2450994.7403925494 10.8479 4.06243 0.12104200000000001 568 999 UKIRT1998
2450994.7403925494 11.0322 4.18148 0.13148300000000002 568 999 UKIRT1998
2450994.7403925494 11.2159 4.407520000000001 0.127551 568 999 UKIRT1998
2450994.7403925494 11.3996 4.433520000000001 0.105547 568 999 UKIRT1998
2450994.7403925494 11.5831 4.92877 0.183638 568 999 UKIRT1998
2450994.7403925494 11.7662 4.70278 0.15837600000000002 568 999 UKIRT1998
2450994.7403925494 11.9491 5.04262 0.181261 568 999 UKIRT1998
2450994.7403925494 12.1314 5.14625 0.220891 568 999 UKIRT1998
2450994.7403925494 12.3137 4.90545 0.189758 568 999 UKIRT1998
2450994.7403925494 12.4957 5.45917 0.27905 568 999 UKIRT1998
2450994.7403925494 12.6773 5.7165 0.252921 568 999 UKIRT1998
2450994.7403925494 12.8583 5.103350000000001 0.21060900000000002 568 999 UKIRT1998
2450994.7403925494 13.0393 5.4956700000000005 0.286335 568 999 UKIRT1998
2450994.7924731895 8.05926 2.33435 0.09399930000000001 568 999 UKIRT1998
2450994.7924731895 8.24642 2.6043600000000002 0.0646856 568 999 UKIRT1998
2450994.7924731895 8.43345 3.13851 0.0953801 568 999 UKIRT1998
2450994.7924731895 8.62034 3.25484 0.096363 568 999 UKIRT1998
2450994.7924731895 8.8068 3.51618 0.170504 568 999 UKIRT1998
2450994.7924731895 8.99337 3.5445100000000003 0.116258 568 999 UKIRT1998
2450994.7924731895 9.17978 3.70534 0.153288 568 999 UKIRT1998
2450994.7924731895 9.92326 4.46448 0.16601400000000002 568 999 UKIRT1998
2450994.7924731895 10.10869 4.50033 0.11007 568 999 UKIRT1998
2450994.7924731895 10.29391 4.69445 0.121041 568 999 UKIRT1998
2450994.7924731895 10.47862 4.46598 0.18981800000000001 568 999 UKIRT1998
2450994.7924731895 10.6634 5.00995 0.151047 568 999 UKIRT1998
2450994.7924731895 10.8479 5.23142 0.124705 568 999 UKIRT1998
2450994.7924731895 11.0322 5.358479999999999 0.130113 568 999 UKIRT1998
2450994.7924731895 11.2159 5.645180000000001 0.164433 568 999 UKIRT1998
2450994.7924731895 11.3996 5.79664 0.141519 568 999 UKIRT1998
2450994.7924731895 11.5831 5.74793 0.17753200000000002 568 999 UKIRT1998
2450994.7924731895 11.7662 6.075010000000001 0.16116 568 999 UKIRT1998
2450994.7924731895 11.9491 6.10248 0.24016700000000002 568 999 UKIRT1998
2450994.7924731895 12.1314 6.20757 0.24717599999999998 568 999 UKIRT1998
2450994.7924731895 12.3137 5.9725 0.240893 568 999 UKIRT1998
2450994.7924731895 12.4957 6.92668 0.219611 568 999 UKIRT1998
2450994.7924731895 12.6773 6.60344 0.23941300000000001 568 999 UKIRT1998
2450994.7924731895 12.8583 6.1575299999999995 0.174965 568 999 UKIRT1998
2450994.7924731895 13.0393 6.68416 0.23497 568 999 UKIRT1998
2450994.8341376856 8.05926 2.17655 0.181909 568 999 UKIRT1998
2450994.8341376856 8.24642 2.4208000000000003 0.120847 568 999 UKIRT1998
2450994.8341376856 8.43345 2.63108 0.0995787 568 999 UKIRT1998
2450994.8341376856 8.62034 2.76446 0.13532 568 999 UKIRT1998
2450994.8341376856 8.8068 3.1686300000000003 0.106495 568 999 UKIRT1998
2450994.8341376856 8.99337 3.0347600000000003 0.114303 568 999 UKIRT1998
2450994.8341376856 9.17978 3.29103 0.149696 568 999 UKIRT1998
2450994.8341376856 9.92326 3.85889 0.178887 568 999 UKIRT1998
2450994.8341376856 10.10869 4.15845 0.147337 568 999 UKIRT1998
2450994.8341376856 10.29391 4.17117 0.162987 568 999 UKIRT1998
2450994.8341376856 10.47862 4.36163 0.974347 568 999 UKIRT1998
2450994.8341376856 10.6634 4.34414 0.161821 568 999 UKIRT1998
2450994.8341376856 10.8479 4.54527 0.18685400000000002 568 999 UKIRT1998
2450994.8341376856 11.0322 4.824020000000001 0.24513800000000002 568 999 UKIRT1998
2450994.8341376856 11.2159 5.00007 0.225831 568 999 UKIRT1998
2450994.8341376856 11.3996 4.97675 0.20233199999999998 568 999 UKIRT1998
2450994.8341376856 11.5831 4.8649700000000005 0.263894 568 999 UKIRT1998
2450994.8341376856 11.7662 5.41371 0.181637 568 999 UKIRT1998
2450994.8341376856 11.9491 5.76306 0.292345 568 999 UKIRT1998
2450994.8341376856 12.1314 5.88942 0.17603800000000003 568 999 UKIRT1998
2450994.8341376856 12.3137 6.017180000000001 0.25061300000000003 568 999 UKIRT1998
2450994.8341376856 12.4957 6.06304 0.37523 568 999 UKIRT1998
2450994.8341376856 12.6773 6.6067 0.32181200000000004 568 999 UKIRT1998
2450994.8341376856 12.8583 5.73237 0.408546 568 999 UKIRT1998
2450994.8341376856 13.0393 6.55538 0.472577 568 999 UKIRT1998
2450992.7404947383 15.7565 70.9723 131.488 568 999 UKIRT1998
2450992.7404947383 15.8767 40.397800000000004 42.179199999999994 568 999 UKIRT1998
2450992.7404947383 16.0219 10.168600000000001 3.43439 568 999 UKIRT1998
2450992.7404947383 16.142 14.4674 3.5874 568 999 UKIRT1998
2450992.7404947383 16.2871 6.20979 2.1311 568 999 UKIRT1998
2450992.7404947383 16.4071 6.53047 2.20792 568 999 UKIRT1998
2450992.7404947383 16.5523 7.801520000000001 1.30624 568 999 UKIRT1998
2450992.7404947383 16.6722 8.02545 1.22068 568 999 UKIRT1998
2450992.7404947383 16.7971 9.723469999999999 1.17466 568 999 UKIRT1998
2450992.7404947383 16.917 7.98181 0.497448 568 999 UKIRT1998
2450992.7404947383 17.081 8.38481 0.776539 568 999 UKIRT1998
2450992.7404947383 17.2008 7.887510000000001 0.500939 568 999 UKIRT1998
2450992.7404947383 17.3453 8.232299999999999 0.430892 568 999 UKIRT1998
2450992.7404947383 17.465 8.95287 0.423036 568 999 UKIRT1998
2450992.7404947383 17.6089 8.877120000000001 0.34694200000000003 568 999 UKIRT1998
2450992.7404947383 17.7285 8.31899 0.38408600000000004 568 999 UKIRT1998
2450992.7404947383 17.8721 8.30527 0.34281900000000004 568 999 UKIRT1998
2450992.7404947383 17.9917 8.09947 0.225779 568 999 UKIRT1998
2450992.7404947383 18.135 8.943370000000002 0.503505 568 999 UKIRT1998
2450992.7404947383 18.2544 8.45175 0.211914 568 999 UKIRT1998
2450992.7404947383 18.3978 7.91569 0.474061 568 999 UKIRT1998
2450992.7404947383 18.5172 7.7875000000000005 0.562297 568 999 UKIRT1998
2450992.7404947383 18.6599 8.35656 0.231029 568 999 UKIRT1998
2450992.7404947383 18.7792 7.53269 0.37545 568 999 UKIRT1998
2450992.7404947383 18.9217 8.35357 0.829151 568 999 UKIRT1998
2450992.7404947383 19.0409 8.51309 1.27551 568 999 UKIRT1998
2450992.7404947383 19.1834 6.630050000000001 1.5052400000000001 568 999 UKIRT1998
2450992.7404947383 19.3025 7.54872 0.597793 568 999 UKIRT1998
2450992.7404947383 19.4442 7.7296700000000005 0.47439400000000004 568 999 UKIRT1998
2450992.7404947383 19.5633 6.7151499999999995 0.62501 568 999 UKIRT1998
2450992.7404947383 19.7047 8.72342 1.0619100000000001 568 999 UKIRT1998
2450992.7404947383 19.8236 7.65607 0.570722 568 999 UKIRT1998
2450992.7404947383 19.9651 8.27381 2.5194699999999997 568 999 UKIRT1998
2450992.7404947383 20.0839 9.54799 1.2027700000000001 568 999 UKIRT1998
2450992.7404947383 20.2247 8.80382 0.8235030000000001 568 999 UKIRT1998
2450992.7404947383 20.3434 7.91474 0.361046 568 999 UKIRT1998
2450992.7404947383 20.4838 8.61461 0.7809170000000001 568 999 UKIRT1998
2450992.7404947383 20.6024 8.43797 0.45126700000000003 568 999 UKIRT1998
2450992.7404947383 20.7428 8.76592 0.662241 568 999 UKIRT1998
2450992.7404947383 20.8613 8.13502 0.239239 568 999 UKIRT1998
2450992.7404947383 21.0009 9.96377 1.4896500000000001 568 999 UKIRT1998
2450992.7404947383 21.1193 7.905550000000001 0.9488730000000001 568 999 UKIRT1998
2450992.7404947383 21.2586 9.22983 1.43651 568 999 UKIRT1998
2450992.7404947383 21.3768 7.6428400000000005 0.41886900000000005 568 999 UKIRT1998
2450992.7404947383 21.5161 8.37209 0.795868 568 999 UKIRT1998
2450992.7404947383 21.6342 7.17734 0.7742859999999999 568 999 UKIRT1998
2450992.7404947383 21.7727 17.1528 6.68025 568 999 UKIRT1998
2450992.7404947383 21.8907 5.466670000000001 2.08697 568 999 UKIRT1998
2450992.7404947383 22.0288 9.661340000000001 1.01267 568 999 UKIRT1998
2450992.7404947383 22.1467 8.205620000000001 1.14461 568 999 UKIRT1998
2450992.7404947383 22.2843 7.68866 0.5624640000000001 568 999 UKIRT1998
2450992.7404947383 22.4021 6.54826 0.8653379999999999 568 999 UKIRT1998
2450992.7404947383 22.5396 3.04748 2.17373 568 999 UKIRT1998
2450992.7404947383 22.6573 6.91742 0.841883 568 999 UKIRT1998
2450992.7404947383 22.813 8.84684 0.319092 568 999 UKIRT1998
2450992.7404947383 22.9305 9.418510000000001 0.7675230000000001 568 999 UKIRT1998
2450992.7404947383 23.0479 7.48852 1.1811600000000002 568 999 UKIRT1998
2450992.7404947383 23.1652 5.869 1.01512 568 999 UKIRT1998
2450992.7404947383 23.3015 8.33657 0.8102100000000001 568 999 UKIRT1998
2450992.7404947383 23.4187 8.10772 1.74525 568 999 UKIRT1998
2450992.7404947383 23.5541 10.9029 4.12502 568 999 UKIRT1998
2450992.7404947383 23.6712 14.6098 8.67442 568 999 UKIRT1998
2450992.7404947383 23.8061 40.6626 32.265 568 999 UKIRT1998
2450992.7404947383 23.9231 -22.1356 230.266 568 999 UKIRT1998
2450992.7516052886 15.7565 -105.682 158.377 568 999 UKIRT1998
2450992.7516052886 15.8767 -40.1026 100.99889999999999 568 999 UKIRT1998
2450992.7516052886 16.0219 8.912030000000001 6.4173800000000005 568 999 UKIRT1998
2450992.7516052886 16.142 -0.30624700000000005 4.38338 568 999 UKIRT1998
2450992.7516052886 16.2871 3.2537399999999996 1.9511600000000002 568 999 UKIRT1998
2450992.7516052886 16.4071 5.90871 2.63559 568 999 UKIRT1998
2450992.7516052886 16.5523 7.771890000000001 0.729577 568 999 UKIRT1998
2450992.7516052886 16.6722 6.6847 1.82402 568 999 UKIRT1998
2450992.7516052886 16.7971 8.82138 0.994823 568 999 UKIRT1998
2450992.7516052886 16.917 7.70612 0.92486 568 999 UKIRT1998
2450992.7516052886 17.081 8.37596 0.660008 568 999 UKIRT1998
2450992.7516052886 17.2008 7.80088 0.96297 568 999 UKIRT1998
2450992.7516052886 17.3453 8.32366 0.708748 568 999 UKIRT1998
2450992.7516052886 17.465 7.27248 0.478495 568 999 UKIRT1998
2450992.7516052886 17.6089 8.093300000000001 0.402829 568 999 UKIRT1998
2450992.7516052886 17.7285 7.69733 0.38029399999999997 568 999 UKIRT1998
2450992.7516052886 17.8721 8.712940000000001 0.35036 568 999 UKIRT1998
2450992.7516052886 17.9917 8.17543 0.317279 568 999 UKIRT1998
2450992.7516052886 18.135 8.09336 0.561826 568 999 UKIRT1998
2450992.7516052886 18.2544 7.7489799999999995 0.40699 568 999 UKIRT1998
2450992.7516052886 18.3978 8.25276 0.579914 568 999 UKIRT1998
2450992.7516052886 18.5172 7.84995 0.486792 568 999 UKIRT1998
2450992.7516052886 18.6599 7.76969 0.205632 568 999 UKIRT1998
2450992.7516052886 18.7792 7.62976 0.299677 568 999 UKIRT1998
2450992.7516052886 18.9217 7.65067 1.39474 568 999 UKIRT1998
2450992.7516052886 19.0409 8.272620000000002 1.4132200000000001 568 999 UKIRT1998
2450992.7516052886 19.1834 8.09433 0.680659 568 999 UKIRT1998
2450992.7516052886 19.3025 8.299809999999999 0.589692 568 999 UKIRT1998
2450992.7516052886 19.4442 7.66307 0.486715 568 999 UKIRT1998
2450992.7516052886 19.5633 7.3505400000000005 0.9855410000000001 568 999 UKIRT1998
2450992.7516052886 19.7047 7.88095 1.07549 568 999 UKIRT1998
2450992.7516052886 19.8236 8.520809999999999 1.04652 568 999 UKIRT1998
2450992.7516052886 19.9651 7.774850000000001 0.80479 568 999 UKIRT1998
2450992.7516052886 20.0839 7.1777500000000005 2.94093 568 999 UKIRT1998
2450992.7516052886 20.2247 7.54326 0.504022 568 999 UKIRT1998
2450992.7516052886 20.3434 8.34607 0.420702 568 999 UKIRT1998
2450992.7516052886 20.4838 8.05998 0.42697199999999996 568 999 UKIRT1998
2450992.7516052886 20.6024 7.48325 1.0385 568 999 UKIRT1998
2450992.7516052886 20.7428 8.33038 0.40060500000000004 568 999 UKIRT1998
2450992.7516052886 20.8613 6.895180000000001 0.32526 568 999 UKIRT1998
2450992.7516052886 21.0009 9.11322 0.7267790000000001 568 999 UKIRT1998
2450992.7516052886 21.1193 9.81587 1.87623 568 999 UKIRT1998
2450992.7516052886 21.2586 7.811850000000001 0.932334 568 999 UKIRT1998
2450992.7516052886 21.3768 7.460920000000001 0.76658 568 999 UKIRT1998
2450992.7516052886 21.5161 8.08645 0.463444 568 999 UKIRT1998
2450992.7516052886 21.6342 6.45842 0.961111 568 999 UKIRT1998
2450992.7516052886 21.7727 10.41365 2.30533 568 999 UKIRT1998
2450992.7516052886 21.8907 11.7711 2.44159 568 999 UKIRT1998
2450992.7516052886 22.0288 9.42324 1.18284 568 999 UKIRT1998
2450992.7516052886 22.1467 7.963229999999999 0.817425 568 999 UKIRT1998
2450992.7516052886 22.2843 7.50836 0.746502 568 999 UKIRT1998
2450992.7516052886 22.4021 7.87883 0.8155290000000001 568 999 UKIRT1998
2450992.7516052886 22.5396 7.87072 1.6168900000000002 568 999 UKIRT1998
2450992.7516052886 22.6573 8.402180000000001 1.2444300000000001 568 999 UKIRT1998
2450992.7516052886 22.813 7.30336 0.640204 568 999 UKIRT1998
2450992.7516052886 22.9305 8.53981 0.664633 568 999 UKIRT1998
2450992.7516052886 23.0479 7.32121 1.000154 568 999 UKIRT1998
2450992.7516052886 23.1652 9.09601 0.915378 568 999 UKIRT1998
2450992.7516052886 23.3015 8.33657 1.10354 568 999 UKIRT1998
2450992.7516052886 23.4187 8.528129999999999 1.69329 568 999 UKIRT1998
2450992.7516052886 23.5541 6.9665 2.8589200000000003 568 999 UKIRT1998
2450992.7516052886 23.6712 1.44983 13.501 568 999 UKIRT1998
2450992.7516052886 23.8061 -3.7981599999999998 25.1603 568 999 UKIRT1998
2450992.7516052886 23.9231 -237.589 1665.65 568 999 UKIRT1998
2452539.768144042 7.99744 5.678012 0.441959 675 999 Lim2005_3
2452539.768144042 8.09422 5.65411 0.399652 675 999 Lim2005_3
2452539.768144042 8.1897 5.59512 0.415172 675 999 Lim2005_3
2452539.768144042 8.28389 6.197039 0.542125 675 999 Lim2005_3
2452539.768144042 8.3812 6.352969 0.367581 675 999 Lim2005_3
2452539.768144042 8.47424 6.462484 0.366242 675 999 Lim2005_3
2452539.768144042 8.57106 6.687034 0.30451 675 999 Lim2005_3
2452539.768144042 8.6685 7.076647 0.332671 675 999 Lim2005_3
2452539.768144042 8.76389 7.205599 0.273359 675 999 Lim2005_3
2452539.768144042 8.86071 7.298558 0.386777 675 999 Lim2005_3
2452539.768144042 8.9594 7.458433 0.395441 675 999 Lim2005_3
2452539.768144042 9.05622 7.590978 0.334619 675 999 Lim2005_3
2452539.768144042 9.15304 7.848408 0.330902 675 999 Lim2005_3
2452539.768144042 9.24906 8.137127 0.181936 675 999 Lim2005_3
2452539.768144042 9.33938 8.355704 0.244187 675 999 Lim2005_3
2452539.768144042 9.43424 8.570362 0.3303 675 999 Lim2005_3
2452539.768144042 9.53025 8.647592 0.313404 675 999 Lim2005_3
2452539.768144042 9.62645 8.831395 0.249374 675 999 Lim2005_3
2452539.768144042 9.72585 9.099852 0.291501 675 999 Lim2005_3
2452539.768144042 9.82258 9.203607 0.332926 675 999 Lim2005_3
2452539.768144042 9.92127 9.274311 0.155939 675 999 Lim2005_3
2452539.768144042 10.0188 9.484649 0.18516 675 999 Lim2005_3
2452539.768144042 10.1149 9.626038 0.102136 675 999 Lim2005_3
2452539.768144042 10.2097 9.788557 0.271459 675 999 Lim2005_3
2452539.768144042 10.3032 9.873122 0.317922 675 999 Lim2005_3
2452539.768144042 10.3994 9.858814 0.363785 675 999 Lim2005_3
2452539.768144042 10.4916 10.118612 0.518371 675 999 Lim2005_3
2452539.768144042 10.5911 10.175156 0.355412 675 999 Lim2005_3
2452539.768144042 10.6871 10.293635 0.16607 675 999 Lim2005_3
2452539.768144042 10.7878 10.499008 0.191945 675 999 Lim2005_3
2452539.768144042 10.8852 10.449506 0.32914 675 999 Lim2005_3
2452539.768144042 10.9795 10.658466 0.28516 675 999 Lim2005_3
2452539.768144042 11.0748 10.794621 0.186323 675 999 Lim2005_3
2452539.768144042 11.1722 10.906691 0.165236 675 999 Lim2005_3
2452539.768144042 11.2685 10.929812 0.250767 675 999 Lim2005_3
2452539.768144042 11.3621 11.181854 0.246546 675 999 Lim2005_3
2452539.768144042 11.4574 11.447013 0.150989 675 999 Lim2005_3
2452539.768144042 11.5536 11.543934 0.278102 675 999 Lim2005_3
2452539.768144042 11.6517 11.734692 0.23865 675 999 Lim2005_3
2452539.768144042 11.7498 11.821292 0.281635 675 999 Lim2005_3
2452539.768144042 11.8478 11.867704 0.255889 675 999 Lim2005_3
2452539.768144042 11.9446 11.953274 0.396324 675 999 Lim2005_3
2452539.768144042 12.0354 12.044438 0.282918 675 999 Lim2005_3
2452539.768144042 12.1402 12.062768 0.255882 675 999 Lim2005_3
2452539.768144042 12.2264 12.227949 0.25304 675 999 Lim2005_3
2452539.768144042 12.3246 12.165415 0.346124 675 999 Lim2005_3
2452539.768144042 12.4161 12.388346 0.381393 675 999 Lim2005_3
2452539.768144042 12.5154 12.432223 0.200558 675 999 Lim2005_3
2452539.768144042 12.6136 12.463407 0.276227 675 999 Lim2005_3
2452539.768144042 12.711 12.598465 0.427776 675 999 Lim2005_3
2452539.768144042 12.8097 12.728419 0.462934 675 999 Lim2005_3
2452539.768144042 12.9058 12.807686 0.357851 675 999 Lim2005_3
2452539.768144042 13.0033 12.651919 0.462354 675 999 Lim2005_3
2452545.9060276826 8.12 6.290097664831847 0.4458960347948739 568 999 UKIRT2002
2452545.9060276826 8.369 6.985501996517871 0.49121254472776227 568 999 UKIRT2002
2452545.9060276826 8.625 7.617910746440458 0.5360407910851264 568 999 UKIRT2002
2452545.9060276826 8.884 8.345563367041075 0.5850430357153626 568 999 UKIRT2002
2452545.9060276826 9.159 8.814262270400413 0.6180697465590906 568 999 UKIRT2002
2452545.9060276826 10.166 11.100316950601876 0.777741367421767 568 999 UKIRT2002
2452545.9060276826 10.476 11.67779802652674 0.8180948835282444 568 999 UKIRT2002
2452545.9060276826 10.783 12.100772651191912 0.8487926328038781 568 999 UKIRT2002
2452545.9060276826 11.088 12.630962568111034 0.8855358441971707 568 999 UKIRT2002
2452545.9060276826 11.393 13.24881141406166 0.9278569390031598 568 999 UKIRT2002
2452545.9060276826 11.7 13.926784642460884 0.9759436971715724 568 999 UKIRT2002
2452545.9060276826 12.011 14.388277966285596 1.0085694876965874 568 999 UKIRT2002
2452545.9060276826 12.329 14.399696620786905 1.0135869278460226 568 999 UKIRT2002
2453278.5335224625 7.69709 1.337462 0.01348 @sst 999 SSTch0_8
2453278.5335224625 7.75757 1.386339 0.012893 @sst 999 SSTch0_8
2453278.5335224625 7.81805 1.389308 0.012348 @sst 999 SSTch0_8
2453278.5335224625 7.87854 1.430563 0.012252 @sst 999 SSTch0_8
2453278.5335224625 7.93902 1.470594 0.012048 @sst 999 SSTch0_8
2453278.5335224625 7.99951 1.505595 0.011623 @sst 999 SSTch0_8
2453278.5335224625 8.05999 1.54461 0.011295 @sst 999 SSTch0_8
2453278.5335224625 8.12047 1.577562 0.011069 @sst 999 SSTch0_8
2453278.5335224625 8.18096 1.612151 0.010999 @sst 999 SSTch0_8
2453278.5335224625 8.24144 1.642208 0.010872 @sst 999 SSTch0_8
2453278.5335224625 8.30192 1.676437 0.011145 @sst 999 SSTch0_8
2453278.5335224625 8.36241 1.720698 0.010798 @sst 999 SSTch0_8
2453278.5335224625 8.42289 1.750167 0.010392 @sst 999 SSTch0_8
2453278.5335224625 8.48337 1.771302 0.010429 @sst 999 SSTch0_8
2453278.5335224625 8.54386 1.801485 0.010517 @sst 999 SSTch0_8
2453278.5335224625 8.60434 1.831634 0.010613 @sst 999 SSTch0_8
2453278.5335224625 8.66483 1.861394 0.010632 @sst 999 SSTch0_8
2453278.5335224625 8.72531 1.891187 0.010584 @sst 999 SSTch0_8
2453278.5335224625 8.78579 1.910539 0.010574 @sst 999 SSTch0_8
2453278.5335224625 8.84628 1.922163 0.010629 @sst 999 SSTch0_8
2453278.5335224625 8.90676 1.949637 0.010982 @sst 999 SSTch0_8
2453278.5335224625 8.96724 1.972926 0.011372 @sst 999 SSTch0_8
2453278.5335224625 9.02773 2.020035 0.011881 @sst 999 SSTch0_8
2453278.5335224625 9.08821 2.048284 0.012222 @sst 999 SSTch0_8
2453278.5335224625 9.14869 2.073303 0.012513 @sst 999 SSTch0_8
2453278.5335224625 9.20918 2.089388 0.012819 @sst 999 SSTch0_8
2453278.5335224625 9.26966 2.104053 0.013223 @sst 999 SSTch0_8
2453278.5335224625 9.33015 2.116952 0.013622 @sst 999 SSTch0_8
2453278.5335224625 9.39063 2.150232 0.014119 @sst 999 SSTch0_8
2453278.5335224625 9.45111 2.181839 0.014594 @sst 999 SSTch0_8
2453278.5335224625 9.5116 2.205319 0.01487 @sst 999 SSTch0_8
2453278.5335224625 9.57208 2.233165 0.01493 @sst 999 SSTch0_8
2453278.5335224625 9.63256 2.246511 0.014734 @sst 999 SSTch0_8
2453278.5335224625 9.69305 2.272768 0.014195 @sst 999 SSTch0_8
2453278.5335224625 9.8745 2.323939 0.013331 @sst 999 SSTch0_8
2453278.5335224625 9.93498 2.349058 0.013125 @sst 999 SSTch0_8
2453278.5335224625 9.99547 2.378659 0.012799 @sst 999 SSTch0_8
2453278.5335224625 10.05595 2.417532 0.012529 @sst 999 SSTch0_8
2453278.5335224625 10.11643 2.41976 0.012135 @sst 999 SSTch0_8
2453278.5335224625 10.17692 2.424948 0.011871 @sst 999 SSTch0_8
2453278.5335224625 10.2374 2.46351 0.011739 @sst 999 SSTch0_8
2453278.5335224625 10.29788 2.497348 0.011722 @sst 999 SSTch0_8
2453278.5335224625 10.35837 2.525865 0.01166 @sst 999 SSTch0_8
2453278.5335224625 10.41885 2.527728 0.01157 @sst 999 SSTch0_8
2453278.5335224625 10.47933 2.541376 0.011459 @sst 999 SSTch0_8
2453278.5335224625 10.53982 2.565413 0.011392 @sst 999 SSTch0_8
2453278.5335224625 10.6003 2.573796 0.011276 @sst 999 SSTch0_8
2453278.5335224625 10.66079 2.580143 0.011209 @sst 999 SSTch0_8
2453278.5335224625 10.72127 2.580759 0.01117 @sst 999 SSTch0_8
2453278.5335224625 10.78175 2.595422 0.011232 @sst 999 SSTch0_8
2453278.5335224625 10.84224 2.618045 0.011396 @sst 999 SSTch0_8
2453278.5335224625 10.90272 2.62072 0.011555 @sst 999 SSTch0_8
2453278.5335224625 10.9632 2.637893 0.01177 @sst 999 SSTch0_8
2453278.5335224625 11.02369 2.66732 0.012034 @sst 999 SSTch0_8
2453278.5335224625 11.08417 2.672822 0.012248 @sst 999 SSTch0_8
2453278.5335224625 11.14465 2.672612 0.012437 @sst 999 SSTch0_8
2453278.5335224625 11.20514 2.705563 0.012691 @sst 999 SSTch0_8
2453278.5335224625 11.26562 2.722845 0.01293 @sst 999 SSTch0_8
2453278.5335224625 11.32611 2.719677 0.013197 @sst 999 SSTch0_8
2453278.5335224625 11.38659 2.734467 0.01354 @sst 999 SSTch0_8
2453278.5335224625 11.44707 2.769816 0.014042 @sst 999 SSTch0_8
2453278.5335224625 11.50756 2.790862 0.014646 @sst 999 SSTch0_8
2453278.5335224625 11.56804 2.803108 0.0151 @sst 999 SSTch0_8
2453278.5335224625 11.62852 2.835898 0.015745 @sst 999 SSTch0_8
2453278.5335224625 11.68901 2.852902 0.016249 @sst 999 SSTch0_8
2453278.5335224625 11.74949 2.888914 0.016813 @sst 999 SSTch0_8
2453278.5335224625 11.80997 2.884263 0.017153 @sst 999 SSTch0_8
2453278.5335224625 11.87046 2.871485 0.017293 @sst 999 SSTch0_8
2453278.5335224625 11.93094 2.894841 0.017655 @sst 999 SSTch0_8
2453278.5335224625 11.99143 2.896395 0.017524 @sst 999 SSTch0_8
2453278.5335224625 12.05191 2.920818 0.017558 @sst 999 SSTch0_8
2453278.5335224625 12.11239 2.903216 0.01734 @sst 999 SSTch0_8
2453278.5335224625 12.17288 2.926024 0.017096 @sst 999 SSTch0_8
2453278.5335224625 12.23336 2.922237 0.016853 @sst 999 SSTch0_8
2453278.5335224625 12.29384 2.945406 0.016587 @sst 999 SSTch0_8
2453278.5335224625 12.35433 2.972528 0.016316 @sst 999 SSTch0_8
2453278.5335224625 12.41481 2.993101 0.015971 @sst 999 SSTch0_8
2453278.5335224625 12.47529 2.999184 0.015594 @sst 999 SSTch0_8
2453278.5335224625 12.53578 3.009987 0.015326 @sst 999 SSTch0_8
2453278.5335224625 12.59626 3.035239 0.014986 @sst 999 SSTch0_8
2453278.5335224625 12.65675 3.051175 0.014736 @sst 999 SSTch0_8
2453278.5335224625 12.71723 3.047721 0.01448 @sst 999 SSTch0_8
2453278.5335224625 12.77771 3.065074 0.014366 @sst 999 SSTch0_8
2453278.5335224625 12.8382 3.070373 0.014226 @sst 999 SSTch0_8
2453278.5335224625 12.89868 3.070484 0.014251 @sst 999 SSTch0_8
2453278.5335224625 12.95916 3.081121 0.014276 @sst 999 SSTch0_8
2453278.5335224625 13.01965 3.086474 0.01432 @sst 999 SSTch0_8
2453278.5335224625 13.08013 3.08739 0.014416 @sst 999 SSTch0_8
2453278.5335224625 13.14061 3.0953 0.014561 @sst 999 SSTch0_8
2453278.5335224625 13.2011 3.106504 0.014754 @sst 999 SSTch0_8
2453278.5335224625 13.26158 3.114119 0.014952 @sst 999 SSTch0_8
2453278.5335224625 13.32206 3.116353 0.01515 @sst 999 SSTch0_8
2453278.5335224625 13.38255 3.128114 0.015456 @sst 999 SSTch0_8
2453278.5335224625 13.44303 3.150995 0.015849 @sst 999 SSTch0_8
2453278.5335224625 13.50352 3.163526 0.016114 @sst 999 SSTch0_8
2453278.5335224625 13.564 3.188603 0.016525 @sst 999 SSTch0_8
2453278.5335224625 13.62448 3.209543 0.016855 @sst 999 SSTch0_8
2453278.5335224625 13.68497 3.231481 0.017442 @sst 999 SSTch0_8
2453278.5335224625 13.74545 3.24322 0.017887 @sst 999 SSTch0_8
2453278.5335224625 13.80593 3.279125 0.018585 @sst 999 SSTch0_8
2453278.5335224625 13.86642 3.311803 0.019379 @sst 999 SSTch0_8
2453278.5335224625 13.9269 3.30735 0.020055 @sst 999 SSTch0_8
2453278.5335224625 13.98738 3.337567 0.020828 @sst 999 SSTch0_8
2453278.534469131 7.69709 1.363217 0.011566 @sst 999 SSTch0_11
2453278.534469131 7.75757 1.383558 0.011197 @sst 999 SSTch0_11
2453278.534469131 7.81805 1.399962 0.011115 @sst 999 SSTch0_11
2453278.534469131 7.87854 1.436996 0.01134 @sst 999 SSTch0_11
2453278.534469131 7.93902 1.48184 0.011507 @sst 999 SSTch0_11
2453278.534469131 7.99951 1.51197 0.011436 @sst 999 SSTch0_11
2453278.534469131 8.05999 1.541588 0.011368 @sst 999 SSTch0_11
2453278.534469131 8.12047 1.56592 0.011503 @sst 999 SSTch0_11
2453278.534469131 8.18096 1.584768 0.011711 @sst 999 SSTch0_11
2453278.534469131 8.24144 1.628181 0.012014 @sst 999 SSTch0_11
2453278.534469131 8.30192 1.668699 0.012216 @sst 999 SSTch0_11
2453278.534469131 8.36241 1.691665 0.01223 @sst 999 SSTch0_11
2453278.534469131 8.42289 1.722513 0.012434 @sst 999 SSTch0_11
2453278.534469131 8.48337 1.751756 0.012738 @sst 999 SSTch0_11
2453278.534469131 8.54386 1.790096 0.013276 @sst 999 SSTch0_11
2453278.534469131 8.60434 1.843858 0.013711 @sst 999 SSTch0_11
2453278.534469131 8.66483 1.874259 0.013853 @sst 999 SSTch0_11
2453278.534469131 8.72531 1.891269 0.013992 @sst 999 SSTch0_11
2453278.534469131 8.78579 1.892133 0.014051 @sst 999 SSTch0_11
2453278.534469131 8.84628 1.923659 0.014308 @sst 999 SSTch0_11
2453278.534469131 8.90676 1.947827 0.014372 @sst 999 SSTch0_11
2453278.534469131 8.96724 1.944186 0.014264 @sst 999 SSTch0_11
2453278.534469131 9.02773 2.008997 0.014236 @sst 999 SSTch0_11
2453278.534469131 9.08821 2.021993 0.013829 @sst 999 SSTch0_11
2453278.534469131 9.14869 2.04464 0.013446 @sst 999 SSTch0_11
2453278.534469131 9.20918 2.057777 0.01308 @sst 999 SSTch0_11
2453278.534469131 9.26966 2.075333 0.012874 @sst 999 SSTch0_11
2453278.534469131 9.33015 2.095838 0.012672 @sst 999 SSTch0_11
2453278.534469131 9.39063 2.132723 0.012536 @sst 999 SSTch0_11
2453278.534469131 9.45111 2.139099 0.012195 @sst 999 SSTch0_11
2453278.534469131 9.5116 2.176679 0.011971 @sst 999 SSTch0_11
2453278.534469131 9.57208 2.201247 0.011554 @sst 999 SSTch0_11
2453278.534469131 9.63256 2.211978 0.011172 @sst 999 SSTch0_11
2453278.534469131 9.69305 2.235194 0.010954 @sst 999 SSTch0_11
2453278.534469131 9.75353 2.254897 0.010779 @sst 999 SSTch0_11
2453278.534469131 9.81401 2.268492 0.010667 @sst 999 SSTch0_11
2453278.534469131 9.8745 2.28558 0.010611 @sst 999 SSTch0_11
2453278.534469131 9.93498 2.300839 0.010559 @sst 999 SSTch0_11
2453278.534469131 9.99547 2.325448 0.01053 @sst 999 SSTch0_11
2453278.534469131 10.05595 2.342117 0.010483 @sst 999 SSTch0_11
2453278.534469131 10.11643 2.34552 0.010443 @sst 999 SSTch0_11
2453278.534469131 10.17692 2.359472 0.010524 @sst 999 SSTch0_11
2453278.534469131 10.2374 2.381914 0.010706 @sst 999 SSTch0_11
2453278.534469131 10.29788 2.400765 0.010923 @sst 999 SSTch0_11
2453278.534469131 10.35837 2.410982 0.011245 @sst 999 SSTch0_11
2453278.534469131 10.41885 2.427866 0.01156 @sst 999 SSTch0_11
2453278.534469131 10.47933 2.467605 0.011919 @sst 999 SSTch0_11
2453278.534469131 10.53982 2.488355 0.01221 @sst 999 SSTch0_11
2453278.534469131 10.6003 2.480669 0.012462 @sst 999 SSTch0_11
2453278.534469131 10.66079 2.488776 0.012738 @sst 999 SSTch0_11
2453278.534469131 10.72127 2.500721 0.013021 @sst 999 SSTch0_11
2453278.534469131 10.78175 2.505792 0.013467 @sst 999 SSTch0_11
2453278.534469131 10.84224 2.523474 0.01394 @sst 999 SSTch0_11
2453278.534469131 10.90272 2.548142 0.014515 @sst 999 SSTch0_11
2453278.534469131 10.9632 2.550351 0.01503 @sst 999 SSTch0_11
2453278.534469131 11.02369 2.571416 0.015483 @sst 999 SSTch0_11
2453278.534469131 11.08417 2.580626 0.015954 @sst 999 SSTch0_11
2453278.534469131 11.14465 2.602715 0.016279 @sst 999 SSTch0_11
2453278.534469131 11.20514 2.603753 0.016315 @sst 999 SSTch0_11
2453278.534469131 11.26562 2.63255 0.016182 @sst 999 SSTch0_11
2453278.534469131 11.32611 2.624746 0.015832 @sst 999 SSTch0_11
2453278.534469131 11.38659 2.64027 0.015526 @sst 999 SSTch0_11
2453278.534469131 11.44707 2.648207 0.015262 @sst 999 SSTch0_11
2453278.534469131 11.50756 2.689136 0.015201 @sst 999 SSTch0_11
2453278.534469131 11.56804 2.72504 0.015121 @sst 999 SSTch0_11
2453278.534469131 11.62852 2.721087 0.014711 @sst 999 SSTch0_11
2453278.534469131 11.68901 2.762542 0.014607 @sst 999 SSTch0_11
2453278.534469131 11.74949 2.783008 0.014322 @sst 999 SSTch0_11
2453278.534469131 11.80997 2.775148 0.013896 @sst 999 SSTch0_11
2453278.534469131 11.87046 2.779224 0.01362 @sst 999 SSTch0_11
2453278.534469131 11.93094 2.804436 0.013463 @sst 999 SSTch0_11
2453278.534469131 11.99143 2.796989 0.013259 @sst 999 SSTch0_11
2453278.534469131 12.05191 2.801243 0.013216 @sst 999 SSTch0_11
2453278.534469131 12.11239 2.817071 0.013256 @sst 999 SSTch0_11
2453278.534469131 12.17288 2.828101 0.013315 @sst 999 SSTch0_11
2453278.534469131 12.23336 2.833155 0.013359 @sst 999 SSTch0_11
2453278.534469131 12.29384 2.834011 0.01338 @sst 999 SSTch0_11
2453278.534469131 12.35433 2.843592 0.013393 @sst 999 SSTch0_11
2453278.534469131 12.41481 2.860238 0.013407 @sst 999 SSTch0_11
2453278.534469131 12.47529 2.882938 0.013482 @sst 999 SSTch0_11
2453278.534469131 12.53578 2.892771 0.013577 @sst 999 SSTch0_11
2453278.534469131 12.59626 2.880806 0.013647 @sst 999 SSTch0_11
2453278.534469131 12.65675 2.90107 0.013853 @sst 999 SSTch0_11
2453278.534469131 12.71723 2.906939 0.014083 @sst 999 SSTch0_11
2453278.534469131 12.77771 2.913749 0.014337 @sst 999 SSTch0_11
2453278.534469131 12.8382 2.932758 0.014748 @sst 999 SSTch0_11
2453278.534469131 12.89868 2.935824 0.015187 @sst 999 SSTch0_11
2453278.534469131 12.95916 2.940454 0.015666 @sst 999 SSTch0_11
2453278.534469131 13.01965 2.968626 0.016275 @sst 999 SSTch0_11
2453278.534469131 13.08013 2.978446 0.016916 @sst 999 SSTch0_11
2453278.534469131 13.14061 2.984049 0.017455 @sst 999 SSTch0_11
2453278.534469131 13.2011 3.006662 0.018113 @sst 999 SSTch0_11
2453278.534469131 13.26158 3.01513 0.018803 @sst 999 SSTch0_11
2453278.534469131 13.32206 3.025084 0.019401 @sst 999 SSTch0_11
2453278.534469131 13.38255 3.047265 0.019997 @sst 999 SSTch0_11
2453278.534469131 13.44303 3.068997 0.020633 @sst 999 SSTch0_11
2453278.534469131 13.50352 3.089335 0.021021 @sst 999 SSTch0_11
2453278.534469131 13.564 3.093469 0.020962 @sst 999 SSTch0_11
2453278.534469131 13.62448 3.134301 0.020752 @sst 999 SSTch0_11
2453278.534469131 13.68497 3.137417 0.020439 @sst 999 SSTch0_11
2453278.534469131 13.74545 3.160255 0.020196 @sst 999 SSTch0_11
2453278.534469131 13.80593 3.21401 0.020155 @sst 999 SSTch0_11
2453278.534469131 13.86642 3.206752 0.019732 @sst 999 SSTch0_11
2453278.534469131 13.9269 3.234063 0.019541 @sst 999 SSTch0_11
2453278.534469131 13.98738 3.268214 0.019442 @sst 999 SSTch0_11
2453278.534469131 14.04787 3.280322 0.019247 @sst 999 SSTch0_11
2453278.5354158804 14.23871 3.601048 0.019921 @sst 999 SSTch2_1
2453278.5354158804 14.32338 3.615797 0.018254 @sst 999 SSTch2_1
2453278.5354158804 14.40806 3.650884 0.017257 @sst 999 SSTch2_1
2453278.5354158804 14.49274 3.635058 0.016443 @sst 999 SSTch2_1
2453278.5354158804 14.57741 3.631658 0.016288 @sst 999 SSTch2_1
2453278.5354158804 14.66209 3.635255 0.016645 @sst 999 SSTch2_1
2453278.5354158804 14.74677 3.598647 0.017205 @sst 999 SSTch2_1
2453278.5354158804 14.83145 3.549286 0.01788 @sst 999 SSTch2_1
2453278.5354158804 14.91612 3.511233 0.018662 @sst 999 SSTch2_1
2453278.5354158804 15.0008 3.532528 0.019533 @sst 999 SSTch2_1
2453278.5354158804 15.08548 3.545639 0.020487 @sst 999 SSTch2_1
2453278.5354158804 15.17015 3.609282 0.020765 @sst 999 SSTch2_1
2453278.5354158804 15.25483 3.631677 0.019511 @sst 999 SSTch2_1
2453278.5354158804 15.33951 3.556513 0.017531 @sst 999 SSTch2_1
2453278.5354158804 15.42418 3.568274 0.016026 @sst 999 SSTch2_1
2453278.5354158804 15.50886 3.611568 0.01512 @sst 999 SSTch2_1
2453278.5354158804 15.59354 3.625962 0.014516 @sst 999 SSTch2_1
2453278.5354158804 15.67821 3.58513 0.014174 @sst 999 SSTch2_1
2453278.5354158804 15.76289 3.607535 0.014504 @sst 999 SSTch2_1
2453278.5354158804 15.84757 3.695977 0.015756 @sst 999 SSTch2_1
2453278.5354158804 15.93224 3.686944 0.017544 @sst 999 SSTch2_1
2453278.5354158804 16.01692 3.613737 0.019368 @sst 999 SSTch2_1
2453278.5354158804 16.1016 3.583697 0.021054 @sst 999 SSTch2_1
2453278.5354158804 16.18628 3.632615 0.023355 @sst 999 SSTch2_1
2453278.5354158804 16.27095 3.681619 0.024524 @sst 999 SSTch2_1
2453278.5354158804 16.35563 3.600745 0.022933 @sst 999 SSTch2_1
2453278.5354158804 16.44031 3.593571 0.020554 @sst 999 SSTch2_1
2453278.5354158804 16.52498 3.573192 0.0185 @sst 999 SSTch2_1
2453278.5354158804 16.60966 3.629066 0.017454 @sst 999 SSTch2_1
2453278.5354158804 16.69434 3.675023 0.017043 @sst 999 SSTch2_1
2453278.5354158804 16.77901 3.687176 0.017022 @sst 999 SSTch2_1
2453278.5354158804 16.86369 3.638502 0.017147 @sst 999 SSTch2_1
2453278.5354158804 16.94837 3.569794 0.017313 @sst 999 SSTch2_1
2453278.5354158804 17.03304 3.577438 0.017771 @sst 999 SSTch2_1
2453278.5354158804 17.11772 3.621987 0.018913 @sst 999 SSTch2_1
2453278.5354158804 17.2024 3.671606 0.020895 @sst 999 SSTch2_1
2453278.5354158804 17.28707 3.741875 0.023593 @sst 999 SSTch2_1
2453278.5354158804 17.37175 3.668164 0.023976 @sst 999 SSTch2_1
2453278.5354158804 17.45643 3.642525 0.02222 @sst 999 SSTch2_1
2453278.5354158804 17.54111 3.622174 0.020296 @sst 999 SSTch2_1
2453278.5354158804 17.62578 3.64137 0.019129 @sst 999 SSTch2_1
2453278.5354158804 17.71046 3.697043 0.018781 @sst 999 SSTch2_1
2453278.5354158804 17.79514 3.69309 0.018474 @sst 999 SSTch2_1
2453278.5354158804 17.87981 3.672045 0.018398 @sst 999 SSTch2_1
2453278.5354158804 17.96449 3.614802 0.018647 @sst 999 SSTch2_1
2453278.5354158804 18.04917 3.556336 0.01926 @sst 999 SSTch2_1
2453278.5354158804 18.13384 3.575613 0.020396 @sst 999 SSTch2_1
2453278.5354158804 18.21852 3.548318 0.021895 @sst 999 SSTch2_1
2453278.5354158804 18.3032 3.557265 0.023939 @sst 999 SSTch2_1
2453278.5354158804 18.38787 3.564942 0.026179 @sst 999 SSTch2_1
2453278.5354158804 18.47255 3.602351 0.026978 @sst 999 SSTch2_1
2453278.5354158804 18.55723 3.567071 0.025822 @sst 999 SSTch2_1
2453278.5354158804 18.6419 3.568326 0.024356 @sst 999 SSTch2_1
2453278.5354158804 18.72658 3.559206 0.022747 @sst 999 SSTch2_1
2453278.5354158804 18.81126 3.533237 0.021277 @sst 999 SSTch2_1
2453278.5354158804 18.89594 3.52178 0.020409 @sst 999 SSTch2_1
2453278.5354158804 18.98061 3.546524 0.020292 @sst 999 SSTch2_1
2453278.5354158804 19.06529 3.563027 0.021032 @sst 999 SSTch2_1
2453278.5354158804 19.14997 3.530059 0.022525 @sst 999 SSTch2_1
2453278.5354158804 19.23464 3.477088 0.024248 @sst 999 SSTch2_1
2453278.5354158804 19.31932 3.473146 0.026397 @sst 999 SSTch2_1
2453278.5354158804 19.404 3.515236 0.029044 @sst 999 SSTch2_1
2453278.5354158804 19.48867 3.474177 0.030934 @sst 999 SSTch2_1
2453278.5354158804 19.57335 3.509851 0.032709 @sst 999 SSTch2_1
2453278.5354158804 19.65803 3.54196 0.031806 @sst 999 SSTch2_1
2453278.5354158804 19.7427 3.452059 0.029453 @sst 999 SSTch2_1
2453278.5354158804 19.82738 3.402751 0.027001 @sst 999 SSTch2_1
2453278.5354158804 19.91206 3.463098 0.025787 @sst 999 SSTch2_1
2453278.5354158804 19.99673 3.468843 0.024567 @sst 999 SSTch2_1
2453278.5354158804 20.08141 3.448946 0.024047 @sst 999 SSTch2_1
2453278.5354158804 20.16609 3.440137 0.024386 @sst 999 SSTch2_1
2453278.5354158804 20.25077 3.429386 0.025467 @sst 999 SSTch2_1
2453278.5354158804 20.33544 3.422276 0.027005 @sst 999 SSTch2_1
2453278.5354158804 20.42012 3.421705 0.029273 @sst 999 SSTch2_1
2453278.5354158804 20.5048 3.42415 0.032249 @sst 999 SSTch2_1
2453278.5354158804 20.58947 3.480404 0.03699 @sst 999 SSTch2_1
2453278.5354158804 20.67415 3.3937 0.039943 @sst 999 SSTch2_1
2453278.5354158804 20.75883 3.413154 0.039624 @sst 999 SSTch2_1
2453278.5354158804 20.8435 3.328394 0.036802 @sst 999 SSTch2_1
2453278.5354158804 20.92818 3.174633 0.033027 @sst 999 SSTch2_1
2453278.5354158804 21.01286 3.087906 0.030169 @sst 999 SSTch2_1
2453278.535753845 14.32338 3.633512 0.016325 @sst 999 SSTch2_2
2453278.535753845 14.40806 3.671889 0.016317 @sst 999 SSTch2_2
2453278.535753845 14.49274 3.672072 0.016783 @sst 999 SSTch2_2
2453278.535753845 14.57741 3.672003 0.017672 @sst 999 SSTch2_2
2453278.535753845 14.66209 3.728869 0.019501 @sst 999 SSTch2_2
2453278.535753845 14.74677 3.734068 0.021374 @sst 999 SSTch2_2
2453278.535753845 14.83145 3.648257 0.022482 @sst 999 SSTch2_2
2453278.535753845 14.91612 3.602042 0.022284 @sst 999 SSTch2_2
2453278.535753845 15.0008 3.5576 0.020179 @sst 999 SSTch2_2
2453278.535753845 15.08548 3.612221 0.018291 @sst 999 SSTch2_2
2453278.535753845 15.17015 3.706628 0.017251 @sst 999 SSTch2_2
2453278.535753845 15.25483 3.706629 0.016272 @sst 999 SSTch2_2
2453278.535753845 15.33951 3.656896 0.015233 @sst 999 SSTch2_2
2453278.535753845 15.42418 3.634665 0.014581 @sst 999 SSTch2_2
2453278.535753845 15.50886 3.62479 0.014396 @sst 999 SSTch2_2
2453278.535753845 15.59354 3.63082 0.014732 @sst 999 SSTch2_2
2453278.535753845 15.67821 3.665381 0.01565 @sst 999 SSTch2_2
2453278.535753845 15.76289 3.688352 0.016868 @sst 999 SSTch2_2
2453278.535753845 15.84757 3.779091 0.019064 @sst 999 SSTch2_2
2453278.535753845 15.93224 3.810847 0.021967 @sst 999 SSTch2_2
2453278.535753845 16.01692 3.76607 0.023503 @sst 999 SSTch2_2
2453278.535753845 16.1016 3.727196 0.022515 @sst 999 SSTch2_2
2453278.535753845 16.18628 3.72708 0.021034 @sst 999 SSTch2_2
2453278.535753845 16.27095 3.752082 0.020217 @sst 999 SSTch2_2
2453278.535753845 16.35563 3.692736 0.019033 @sst 999 SSTch2_2
2453278.535753845 16.44031 3.670287 0.01786 @sst 999 SSTch2_2
2453278.535753845 16.52498 3.656784 0.016853 @sst 999 SSTch2_2
2453278.535753845 16.60966 3.660615 0.01656 @sst 999 SSTch2_2
2453278.535753845 16.69434 3.715751 0.017229 @sst 999 SSTch2_2
2453278.535753845 16.77901 3.760285 0.018582 @sst 999 SSTch2_2
2453278.535753845 16.86369 3.716288 0.020098 @sst 999 SSTch2_2
2453278.535753845 16.94837 3.617381 0.02112 @sst 999 SSTch2_2
2453278.535753845 17.03304 3.610853 0.02206 @sst 999 SSTch2_2
2453278.535753845 17.11772 3.621005 0.022722 @sst 999 SSTch2_2
2453278.535753845 17.2024 3.752679 0.022403 @sst 999 SSTch2_2
2453278.535753845 17.28707 3.748756 0.021121 @sst 999 SSTch2_2
2453278.535753845 17.37175 3.749599 0.019887 @sst 999 SSTch2_2
2453278.535753845 17.45643 3.685418 0.01836 @sst 999 SSTch2_2
2453278.535753845 17.54111 3.666297 0.017295 @sst 999 SSTch2_2
2453278.535753845 17.62578 3.710201 0.016982 @sst 999 SSTch2_2
2453278.535753845 17.71046 3.778321 0.017414 @sst 999 SSTch2_2
2453278.535753845 17.79514 3.634774 0.018342 @sst 999 SSTch2_2
2453278.535753845 17.87981 3.472078 0.019521 @sst 999 SSTch2_2
2453278.535753845 17.96449 3.820318 0.021948 @sst 999 SSTch2_2
2453278.535753845 18.04917 3.70189 0.023478 @sst 999 SSTch2_2
2453278.535753845 18.13384 3.638836 0.025173 @sst 999 SSTch2_2
2453278.535753845 18.21852 3.637709 0.026559 @sst 999 SSTch2_2
2453278.535753845 18.3032 3.66012 0.025709 @sst 999 SSTch2_2
2453278.535753845 18.38787 3.65264 0.023839 @sst 999 SSTch2_2
2453278.535753845 18.47255 3.633483 0.022214 @sst 999 SSTch2_2
2453278.535753845 18.55723 3.653266 0.021227 @sst 999 SSTch2_2
2453278.535753845 18.6419 3.647475 0.020577 @sst 999 SSTch2_2
2453278.535753845 18.72658 3.59471 0.020054 @sst 999 SSTch2_2
2453278.535753845 18.81126 3.58613 0.020117 @sst 999 SSTch2_2
2453278.535753845 18.89594 3.593496 0.020735 @sst 999 SSTch2_2
2453278.535753845 18.98061 3.538123 0.021474 @sst 999 SSTch2_2
2453278.535753845 19.06529 3.529065 0.023211 @sst 999 SSTch2_2
2453278.535753845 19.14997 3.623029 0.026864 @sst 999 SSTch2_2
2453278.535753845 19.23464 3.613081 0.030241 @sst 999 SSTch2_2
2453278.535753845 19.31932 3.566982 0.032654 @sst 999 SSTch2_2
2453278.535753845 19.404 3.48226 0.030804 @sst 999 SSTch2_2
2453278.535753845 19.48867 3.476153 0.02859 @sst 999 SSTch2_2
2453278.535753845 19.57335 3.53195 0.026952 @sst 999 SSTch2_2
2453278.535753845 19.65803 3.505236 0.02545 @sst 999 SSTch2_2
2453278.535753845 19.7427 3.488927 0.02457 @sst 999 SSTch2_2
2453278.535753845 19.82738 3.456347 0.023998 @sst 999 SSTch2_2
2453278.535753845 19.91206 3.427959 0.023767 @sst 999 SSTch2_2
2453278.535753845 19.99673 3.420685 0.024133 @sst 999 SSTch2_2
2453278.535753845 20.08141 3.420834 0.025276 @sst 999 SSTch2_2
2453278.535753845 20.16609 3.456904 0.027609 @sst 999 SSTch2_2
2453278.535753845 20.25077 3.401336 0.029917 @sst 999 SSTch2_2
2453278.535753845 20.33544 3.415738 0.032989 @sst 999 SSTch2_2
2453278.535753845 20.42012 3.413911 0.035701 @sst 999 SSTch2_2
2453278.535753845 20.5048 3.425645 0.034858 @sst 999 SSTch2_2
2453278.535753845 20.58947 3.491329 0.033918 @sst 999 SSTch2_2
2453278.535753845 20.67415 3.37145 0.033089 @sst 999 SSTch2_2
2453278.535753845 20.75883 3.428187 0.03235 @sst 999 SSTch2_2
2453278.535753845 20.8435 3.38639 0.031197 @sst 999 SSTch2_2
2453278.535753845 20.92818 3.281233 0.02992 @sst 999 SSTch2_2
2453278.535753845 21.01286 3.148079 0.028721 @sst 999 SSTch2_2
2453278.5361288944 20.58947 3.336221 0.020985 @sst 999 SSTch2_3
2453278.5361288944 20.75883 3.384268 0.021066 @sst 999 SSTch2_3
2453278.5361288944 20.92818 3.281632 0.018604 @sst 999 SSTch2_3
2453278.5361288944 21.09753 3.506554 0.018432 @sst 999 SSTch2_3
2453278.5361288944 21.26689 3.575035 0.020811 @sst 999 SSTch2_3
2453278.5361288944 21.43624 3.363695 0.019919 @sst 999 SSTch2_3
2453278.5361288944 21.6056 3.433182 0.018311 @sst 999 SSTch2_3
2453278.5361288944 21.77495 3.614465 0.020919 @sst 999 SSTch2_3
2453278.5361288944 21.9443 3.450889 0.022922 @sst 999 SSTch2_3
2453278.5361288944 22.11366 3.229387 0.02154 @sst 999 SSTch2_3
2453278.5361288944 22.28301 3.533745 0.020151 @sst 999 SSTch2_3
2453278.5361288944 22.45236 3.514629 0.021808 @sst 999 SSTch2_3
2453278.5361288944 22.62172 3.364594 0.024287 @sst 999 SSTch2_3
2453278.5361288944 22.79107 3.116399 0.018628 @sst 999 SSTch2_3
2453278.5361288944 22.96043 3.151992 0.016328 @sst 999 SSTch2_3
2453278.5361288944 23.12978 3.355777 0.017238 @sst 999 SSTch2_3
2453278.5361288944 23.29913 3.330252 0.017594 @sst 999 SSTch2_3
2453278.5361288944 23.46849 3.172424 0.015909 @sst 999 SSTch2_3
2453278.5361288944 23.63784 3.080877 0.013802 @sst 999 SSTch2_3
2453278.5361288944 23.80719 3.088426 0.012909 @sst 999 SSTch2_3
2453278.5361288944 23.97655 3.174319 0.013087 @sst 999 SSTch2_3
2453278.5361288944 24.1459 3.170166 0.013117 @sst 999 SSTch2_3
2453278.5361288944 24.31526 3.077396 0.012651 @sst 999 SSTch2_3
2453278.5361288944 24.48461 3.033441 0.012236 @sst 999 SSTch2_3
2453278.5361288944 24.65396 3.061594 0.012527 @sst 999 SSTch2_3
2453278.5361288944 24.82332 3.08815 0.013499 @sst 999 SSTch2_3
2453278.5361288944 24.99267 3.077502 0.014506 @sst 999 SSTch2_3
2453278.5361288944 25.16202 3.045851 0.014977 @sst 999 SSTch2_3
2453278.5361288944 25.33138 2.992362 0.014801 @sst 999 SSTch2_3
2453278.5361288944 25.50073 2.991161 0.015248 @sst 999 SSTch2_3
2453278.5361288944 25.67009 3.074278 0.017465 @sst 999 SSTch2_3
2453278.5361288944 25.83944 2.998361 0.01904 @sst 999 SSTch2_3
2453278.5361288944 26.00879 2.948824 0.019486 @sst 999 SSTch2_3
2453278.5361288944 26.17815 2.88926 0.017824 @sst 999 SSTch2_3
2453278.5361288944 26.3475 2.87146 0.016004 @sst 999 SSTch2_3
2453278.5361288944 26.51685 2.896184 0.015177 @sst 999 SSTch2_3
2453278.5361288944 26.68621 2.927546 0.015353 @sst 999 SSTch2_3
2453278.5361288944 26.85556 2.945164 0.0154 @sst 999 SSTch2_3
2453278.5361288944 27.02492 2.904183 0.014711 @sst 999 SSTch2_3
2453278.5361288944 27.19427 2.868344 0.013782 @sst 999 SSTch2_3
2453278.5361288944 27.36362 2.850906 0.012997 @sst 999 SSTch2_3
2453278.5361288944 27.53298 2.83017 0.012695 @sst 999 SSTch2_3
2453278.5361288944 27.70233 2.821215 0.013082 @sst 999 SSTch2_3
2453278.5361288944 27.87168 2.853103 0.014256 @sst 999 SSTch2_3
2453278.5361288944 28.04104 2.869122 0.015775 @sst 999 SSTch2_3
2453278.5361288944 28.21039 2.847085 0.016865 @sst 999 SSTch2_3
2453278.5361288944 28.37975 2.79739 0.017342 @sst 999 SSTch2_3
2453278.5361288944 28.5491 2.724706 0.017509 @sst 999 SSTch2_3
2453278.5361288944 28.71845 2.712115 0.017885 @sst 999 SSTch2_3
2453278.5361288944 28.88781 2.746759 0.019203 @sst 999 SSTch2_3
2453278.5361288944 29.05716 2.746177 0.020092 @sst 999 SSTch2_3
2453278.5361288944 29.22651 2.759697 0.02033 @sst 999 SSTch2_3
2453278.5361288944 29.39587 2.720914 0.019379 @sst 999 SSTch2_3
2453278.5361288944 29.56522 2.660659 0.017416 @sst 999 SSTch2_3
2453278.5361288944 29.73458 2.624132 0.015865 @sst 999 SSTch2_3
2453278.5361288944 29.90393 2.627419 0.014912 @sst 999 SSTch2_3
2453278.5361288944 30.07328 2.631268 0.014544 @sst 999 SSTch2_3
2453278.5361288944 30.24264 2.680593 0.015158 @sst 999 SSTch2_3
2453278.5361288944 30.41199 2.671184 0.016244 @sst 999 SSTch2_3
2453278.5361288944 30.58134 2.586326 0.017035 @sst 999 SSTch2_3
2453278.5361288944 30.7507 2.64007 0.018947 @sst 999 SSTch2_3
2453278.5361288944 30.92005 2.616024 0.020434 @sst 999 SSTch2_3
2453278.5361288944 31.08941 2.563695 0.02192 @sst 999 SSTch2_3
2453278.5361288944 31.25876 2.56319 0.024264 @sst 999 SSTch2_3
2453278.5361288944 31.42811 2.513789 0.024482 @sst 999 SSTch2_3
2453278.5361288944 31.59747 2.565446 0.026926 @sst 999 SSTch2_3
2453278.5361288944 31.76682 2.543488 0.024316 @sst 999 SSTch2_3
2453278.5361288944 31.93617 2.533376 0.023351 @sst 999 SSTch2_3
2453278.5361288944 32.10553 2.527176 0.023103 @sst 999 SSTch2_3
2453278.5361288944 32.27488 2.552504 0.023263 @sst 999 SSTch2_3
2453278.5361288944 32.44424 2.509905 0.022746 @sst 999 SSTch2_3
2453278.5361288944 32.61359 2.489787 0.02246 @sst 999 SSTch2_3
2453278.5361288944 32.78294 2.438423 0.022572 @sst 999 SSTch2_3
2453278.5361288944 32.9523 2.353465 0.023003 @sst 999 SSTch2_3
2453278.5361288944 33.12165 2.440139 0.025356 @sst 999 SSTch2_3
2453278.5361288944 33.291 2.523638 0.02925 @sst 999 SSTch2_3
2453278.5361288944 33.46036 2.564904 0.033674 @sst 999 SSTch2_3
2453278.5361288944 33.62971 2.4667 0.038733 @sst 999 SSTch2_3
2453278.5361288944 33.79907 2.699268 0.044081 @sst 999 SSTch2_3
2453278.5361288944 33.96842 2.57084 0.041804 @sst 999 SSTch2_3
2453278.5361288944 34.13777 2.463478 0.037826 @sst 999 SSTch2_3
2453278.5361288944 34.30713 2.404077 0.034776 @sst 999 SSTch2_3
2453278.5361288944 34.47648 2.347992 0.031926 @sst 999 SSTch2_3
2453278.5361288944 34.64583 2.430858 0.032865 @sst 999 SSTch2_3
2453278.5361288944 34.81519 2.460225 0.033514 @sst 999 SSTch2_3
2453278.5361288944 34.98454 2.404365 0.034653 @sst 999 SSTch2_3
2453278.5361288944 35.1539 2.369207 0.038627 @sst 999 SSTch2_3
2453278.5361288944 35.32325 2.29184 0.041634 @sst 999 SSTch2_3
2453278.5361288944 35.4926 2.401004 0.050053 @sst 999 SSTch2_3
2453278.5361288944 35.66196 2.456105 0.060604 @sst 999 SSTch2_3
2453278.5361288944 35.83131 2.397052 0.071104 @sst 999 SSTch2_3
2453278.5361288944 36.00066 2.452101 0.069868 @sst 999 SSTch2_3
2453278.5361288944 36.17002 2.33437 0.062348 @sst 999 SSTch2_3
2453278.5361288944 36.33937 2.534783 0.062137 @sst 999 SSTch2_3
2453278.5361288944 36.50873 2.230811 0.056657 @sst 999 SSTch2_3
2453278.5361288944 36.67808 2.218163 0.058377 @sst 999 SSTch2_3
2453278.5361288944 36.84743 2.344817 0.059272 @sst 999 SSTch2_3
2453278.5361288944 37.01679 2.468492 0.063673 @sst 999 SSTch2_3
2453278.5361288944 37.18614 2.420549 0.077021 @sst 999 SSTch2_3
2453278.5364668127 20.75883 3.697069 0.031552 @sst 999 SSTch2_4
2453278.5364668127 20.92818 3.28329 0.025549 @sst 999 SSTch2_4
2453278.5364668127 21.09753 3.572132 0.024343 @sst 999 SSTch2_4
2453278.5364668127 21.26689 3.637949 0.02676 @sst 999 SSTch2_4
2453278.5364668127 21.43624 3.358746 0.023268 @sst 999 SSTch2_4
2453278.5364668127 21.6056 3.398976 0.020384 @sst 999 SSTch2_4
2453278.5364668127 21.77495 3.634642 0.02217 @sst 999 SSTch2_4
2453278.5364668127 21.9443 3.537 0.022231 @sst 999 SSTch2_4
2453278.5364668127 22.11366 3.230212 0.018287 @sst 999 SSTch2_4
2453278.5364668127 22.28301 3.282511 0.016311 @sst 999 SSTch2_4
2453278.5364668127 22.45236 3.554578 0.017914 @sst 999 SSTch2_4
2453278.5364668127 22.62172 3.504168 0.018674 @sst 999 SSTch2_4
2453278.5364668127 22.79107 3.23103 0.016837 @sst 999 SSTch2_4
2453278.5364668127 22.96043 3.190809 0.014615 @sst 999 SSTch2_4
2453278.5364668127 23.12978 3.379283 0.014968 @sst 999 SSTch2_4
2453278.5364668127 23.29913 3.44011 0.017043 @sst 999 SSTch2_4
2453278.5364668127 23.46849 3.245583 0.017792 @sst 999 SSTch2_4
2453278.5364668127 23.63784 3.07753 0.01611 @sst 999 SSTch2_4
2453278.5364668127 23.80719 3.103225 0.014581 @sst 999 SSTch2_4
2453278.5364668127 23.97655 3.250213 0.015528 @sst 999 SSTch2_4
2453278.5364668127 24.1459 3.257759 0.017467 @sst 999 SSTch2_4
2453278.5364668127 24.31526 3.188342 0.018298 @sst 999 SSTch2_4
2453278.5364668127 24.48461 3.119945 0.01756 @sst 999 SSTch2_4
2453278.5364668127 24.65396 3.133461 0.017556 @sst 999 SSTch2_4
2453278.5364668127 24.82332 3.273501 0.019557 @sst 999 SSTch2_4
2453278.5364668127 24.99267 3.172313 0.020363 @sst 999 SSTch2_4
2453278.5364668127 25.16202 3.091927 0.019109 @sst 999 SSTch2_4
2453278.5364668127 25.33138 2.979875 0.016518 @sst 999 SSTch2_4
2453278.5364668127 25.50073 3.060701 0.015616 @sst 999 SSTch2_4
2453278.5364668127 25.67009 3.136343 0.016218 @sst 999 SSTch2_4
2453278.5364668127 25.83944 3.109011 0.017006 @sst 999 SSTch2_4
2453278.5364668127 26.00879 3.021493 0.016357 @sst 999 SSTch2_4
2453278.5364668127 26.17815 2.948876 0.015014 @sst 999 SSTch2_4
2453278.5364668127 26.3475 2.947073 0.013708 @sst 999 SSTch2_4
2453278.5364668127 26.51685 2.999505 0.013254 @sst 999 SSTch2_4
2453278.5364668127 26.68621 3.052769 0.013892 @sst 999 SSTch2_4
2453278.5364668127 26.85556 3.035671 0.015003 @sst 999 SSTch2_4
2453278.5364668127 27.02492 2.961622 0.015841 @sst 999 SSTch2_4
2453278.5364668127 27.19427 2.9038 0.016051 @sst 999 SSTch2_4
2453278.5364668127 27.36362 2.860956 0.01551 @sst 999 SSTch2_4
2453278.5364668127 27.53298 2.900826 0.015477 @sst 999 SSTch2_4
2453278.5364668127 27.70233 2.949145 0.016462 @sst 999 SSTch2_4
2453278.5364668127 27.87168 2.962183 0.018669 @sst 999 SSTch2_4
2453278.5364668127 28.04104 2.869673 0.021014 @sst 999 SSTch2_4
2453278.5364668127 28.21039 2.901216 0.022702 @sst 999 SSTch2_4
2453278.5364668127 28.37975 2.805407 0.021027 @sst 999 SSTch2_4
2453278.5364668127 28.5491 2.757774 0.018527 @sst 999 SSTch2_4
2453278.5364668127 28.71845 2.75463 0.016665 @sst 999 SSTch2_4
2453278.5364668127 28.88781 2.820238 0.016631 @sst 999 SSTch2_4
2453278.5364668127 29.05716 2.781949 0.017202 @sst 999 SSTch2_4
2453278.5364668127 29.22651 2.784537 0.018027 @sst 999 SSTch2_4
2453278.5364668127 29.39587 2.716002 0.017781 @sst 999 SSTch2_4
2453278.5364668127 29.56522 2.686792 0.017218 @sst 999 SSTch2_4
2453278.5364668127 29.73458 2.69148 0.016438 @sst 999 SSTch2_4
2453278.5364668127 29.90393 2.669104 0.015621 @sst 999 SSTch2_4
2453278.5364668127 30.07328 2.657088 0.015335 @sst 999 SSTch2_4
2453278.5364668127 30.24264 2.681717 0.01615 @sst 999 SSTch2_4
2453278.5364668127 30.41199 2.737514 0.018363 @sst 999 SSTch2_4
2453278.5364668127 30.58134 2.686466 0.020556 @sst 999 SSTch2_4
2453278.5364668127 30.7507 2.675231 0.023161 @sst 999 SSTch2_4
2453278.5364668127 30.92005 2.642317 0.024917 @sst 999 SSTch2_4
2453278.5364668127 31.08941 2.670181 0.026766 @sst 999 SSTch2_4
2453278.5364668127 31.25876 2.600689 0.025791 @sst 999 SSTch2_4
2453278.5364668127 31.42811 2.597383 0.023838 @sst 999 SSTch2_4
2453278.5364668127 31.59747 2.6116 0.023424 @sst 999 SSTch2_4
2453278.5364668127 31.76682 2.611619 0.023319 @sst 999 SSTch2_4
2453278.5364668127 32.27488 2.583543 0.024086 @sst 999 SSTch2_4
2453278.5364668127 32.44424 2.546136 0.024425 @sst 999 SSTch2_4
2453278.5364668127 32.61359 2.488144 0.024431 @sst 999 SSTch2_4
2453278.5364668127 32.78294 2.417123 0.024039 @sst 999 SSTch2_4
2453278.5364668127 32.9523 2.4239 0.025007 @sst 999 SSTch2_4
2453278.5364668127 33.12165 2.49493 0.02727 @sst 999 SSTch2_4
2453278.5364668127 33.291 2.644726 0.032538 @sst 999 SSTch2_4
2453278.5364668127 33.46036 2.544095 0.035942 @sst 999 SSTch2_4
2453278.5364668127 33.62971 2.509007 0.041437 @sst 999 SSTch2_4
2453278.5364668127 33.79907 2.418764 0.040843 @sst 999 SSTch2_4
2453278.5364668127 33.96842 2.535689 0.043777 @sst 999 SSTch2_4
2453278.5364668127 34.13777 2.428717 0.038612 @sst 999 SSTch2_4
2453278.5364668127 34.30713 2.391614 0.036431 @sst 999 SSTch2_4
2453278.5364668127 34.47648 2.450375 0.034584 @sst 999 SSTch2_4
2453278.5364668127 34.64583 2.442518 0.033021 @sst 999 SSTch2_4
2453278.5364668127 34.81519 2.492981 0.033905 @sst 999 SSTch2_4
2453278.5364668127 34.98454 2.473109 0.035509 @sst 999 SSTch2_4
2453278.5364668127 35.1539 2.338391 0.037067 @sst 999 SSTch2_4
2453278.5364668127 35.32325 2.400567 0.042152 @sst 999 SSTch2_4
2453278.5364668127 35.4926 2.581404 0.053244 @sst 999 SSTch2_4
2453278.5364668127 35.66196 2.383535 0.06101 @sst 999 SSTch2_4
2453278.5364668127 35.83131 2.137546 0.067994 @sst 999 SSTch2_4
2453278.5364668127 36.00066 2.101074 0.069641 @sst 999 SSTch2_4
2453278.5364668127 36.17002 2.225654 0.069826 @sst 999 SSTch2_4
2453278.5364668127 36.33937 2.309384 0.068625 @sst 999 SSTch2_4
2453278.5364668127 36.50873 2.274494 0.064926 @sst 999 SSTch2_4
2453278.5364668127 36.67808 2.49772 0.063272 @sst 999 SSTch2_4
2453278.5364668127 36.84743 2.497354 0.061902 @sst 999 SSTch2_4
2453278.5364668127 37.01679 2.322281 0.066192 @sst 999 SSTch2_4
2453278.5364668127 37.18614 2.203725 0.073828 @sst 999 SSTch2_4
2454199.2591583026 18 1.698843 0.113268 500 -9 akari
2454199.397187427 18 1.125317 0.075029 500 -9 akari
2454199.8112584595 9 0.615269 0.034303 500 -8 akari
2454199.880273481 9 1.162946 0.064838 500 -8 akari
2454199.949288874 9 0.561316 0.031295 500 -8 akari
