2450961.767627034 0.771535329753315 1.300900477253436 0.262472063147829
2450962.767627034 0.7617582694741861 1.31019305620642 0.2619344952091585
2450963.767627034 0.7519192516928347 1.319379064383067 0.2613756208288315
2450964.767627034 0.7420194229288346 1.328458362198736 0.2607956058447014
2450965.767627034 0.7320599214965753 1.337430819896678 0.2601946158638853
2450966.767627034 0.7220418775293723 1.346296317333035 0.2595728162434676
2450967.767627034 0.7119664130060666 1.355054743765653 0.2589303720720134
2450968.767627034 0.7018346417800609 1.363705997646697 0.2582674481518585
2450969.767627034 0.6916476696107469 1.372249986419009 0.2575842089821495
2450970.767627034 0.6814065941972833 1.380686626316212 0.2568808187426082
2450971.767627034 0.6711125052146899 1.389015842166555 0.2561574412779998
2450972.767627034 0.6607664843521871 1.39723756720056 0.2554142400832846
2450973.767627034 0.6503696053537154 1.40535174286251 0.2546513782894397
2450974.767627034 0.6399229340605012 1.41335831862584 0.2538690186499432
2450975.767627034 0.6294275284555267 1.421257251812492 0.2530673235279139
2450976.767627034 0.6188844387097152 1.429048507416234 0.2522464548839033
2450977.767627034 0.6082947072296327 1.436732057929955 0.2514065742643298
2450978.767627034 0.5976593687065008 1.444307883176852 0.2505478427905558
2450979.767627034 0.5869794501663358 1.451775970145428 0.2496704211485882
2450980.767627034 0.5762559710210546 1.459136312828157 0.2487744695793862
2450981.767627034 0.5654899431204293 1.466388912063679 0.2478601478697626
2450982.767627034 0.554682370804807 1.473533775382363 0.2469276153438458
2450983.767627034 0.5438342509585472 1.480570916855111 0.2459770308550838
2450984.767627034 0.5329465730641562 1.487500356945276 0.2450085527787604
2450985.767627034 0.5220203192571007 1.494322122363597 0.2440223390050017
2450986.767627034 0.5110564643813095 1.501036245926077 0.2430185469322552
2450987.767627034 0.5000559760453449 1.507642766414747 0.2419973334612057
2450988.767627034 0.489019814679249 1.514141728441275 0.2409588549891312
2450989.767627034 0.4779489335920339 1.520533182313372 0.2399032674046653
2450990.767627034 0.4668442790298008 1.526817183903991 0.238830726082962
2450991.767627034 0.4557067902344517 1.532993794523273 0.2377413858812436
2450992.767627034 0.44453739950296 1.539063080793213 0.2366354011347258
2450993.767627034 0.4333370322471549 1.54502511452504 0.2355129256529002
2450994.767627034 0.4221066070539818 1.550879972599242 0.234374112716174
2450995.767627034 0.4108470357461931 1.55662773684825 0.2332191150728458 1
2452509.768144042 -1.580412772432597 0.5206437614654991 -0.1931707793200373
2452510.768144042 -1.581963217977427 0.5085693415375923 -0.1947206956757517
2452511.768144042 -1.583413703501212 0.4964627897630251 -0.1962583076740727
2452512.768144042 -1.584763762139062 0.4843247535035716 -0.1977834716470812
2452513.768144042 -1.586012927573416 0.4721558862856105 -0.1992960433465218
2452514.768144042 -1.587160734073394 0.4599568478847648 -0.2007958779408768
2452515.768144042 -1.588206716535701 0.447728304411445 -0.2022828300125908
2452516.768144042 -1.589150410527134 0.4354709283973002 -0.2037567535554522
2452517.768144042 -1.58999135232873 0.4231853988825752 -0.2052175019721385
2452518.768144042 -1.590729078981582 0.4108724015043695 -0.2066649280719307
2452519.768144042 -1.591363128334379 0.3985326285858019 -0.2080988840686032
2452520.768144042 -1.591893039092703 0.3861667792260732 -0.2095192215784973
2452521.768144042 -1.592318350870121 0.373775559391428 -0.210925791618783
2452522.768144042 -1.592638604241127 0.3613596820070114 -0.2123184446059181
2452523.768144042 -1.592853340795967 0.3489198670496148 -0.213697030354311
2452524.768144042 -1.592962103197402 0.3364568416413082 -0.2150613980751947
2452525.768144042 -1.592964435239438 0.3239713401439526 -0.2164113963757193
2452526.768144042 -1.592859881908098 0.3114641042545854 -0.2177468732582717
2452527.768144042 -1.592647989444257 0.2989358831016734 -0.2190676761200307
2452528.768144042 -1.59232830540861 0.2863874333422237 -0.2203736517527642
2452529.768144042 -1.591900378748807 0.2738195192597449 -0.2216646463428797
2452530.768144042 -1.591363759868826 0.261232912863049 -0.2229405054717345
2452531.768144042 -1.590718000700622 0.2486283939858806 -0.2242010741162173
2452532.768144042 -1.589962654778119 0.236006750387366 -0.2254461966496075
2452533.768144042 -1.589097277313595 0.2233687778532654 -0.2266757168427253
2452534.768144042 -1.588121425276516 0.2107152802980163 -0.2278894778653802
2452535.768144042 -1.587034657474896 0.1980470698675505 -0.2290873222881287
2452536.768144042 -1.585836534639224 0.1853649670428698 -0.2302690920843523
2452537.768144042 -1.584526619509035 0.1726698007443587 -0.2314346286326663
2452538.768144042 -1.58310447692219 0.1599624084368147 -0.2325837727196693
2452539.768144042 -1.581569673906932 0.1472436362351703 -0.2337163645430482
2452540.768144042 -1.579921779776776 0.1345143390108811 -0.2348322437150454
2452541.768144042 -1.578160366228335 0.121775380498947 -0.2359312492663064
2452542.768144042 -1.576285007442114 0.1090276334055326 -0.2370132196501153
2452543.768144042 -1.574295280186387 0.09627197951614555 -0.2380779927470361
2452544.768144042 -1.57219076392419 0.08350930980432612 -0.2391254058699704
2452545.768144042 -1.569971040923535 0.07074052454079512 -0.240155295769651
2452546.768144042 -1.567635696370891 0.05796653340300343 -0.2411674986405839 1
2453248.5335224625 -1.217285926543763 -0.6614061170093021 -0.2636067511502292
2453249.5335224625 -1.207519829387123 -0.6724395005005336 -0.2632578131665088
2453250.5335224625 -1.19762544208318 -0.6834014379870964 -0.2628809048611297
2453251.5335224625 -1.187602930205781 -0.6942902593612316 -0.2624758718694291
2453252.5335224625 -1.177452479079093 -0.7051042810955859 -0.2620425614932764
2453253.5335224625 -1.167174294248903 -0.7158418063410709 -0.2615808227858527
2453254.5335224625 -1.156768601960433 -0.7265011250360155 -0.2610905066386607
2453255.5335224625 -1.146235649642526 -0.737080514027037 -0.2605714658708169
2453256.5335224625 -1.135575706397987 -0.7475782372020519 -0.2600235553206423
2453257.5335224625 -1.124789063499868 -0.7579925456358145 -0.2594466319395844
2453258.5335224625 -1.113876034893456 -0.7683216777483899 -0.2588405548884957
2453259.5335224625 -1.102836957703748 -0.7785638594769025 -0.2582051856362803
2453260.5335224625 -1.091672192748171 -0.7887173044609291 -0.2575403880609333
2453261.5335224625 -1.080382125054352 -0.7987802142418694 -0.2568460285529733
2453262.5335224625 -1.068967164382753 -0.8087507784766571 -0.2561219761212686
2453263.5335224625 -1.057427745754008 -0.8186271751661778 -0.2553681025012622
2453264.5335224625 -1.045764329980779 -0.8284075708988113 -0.2545842822655824
2453265.5335224625 -1.033977404204005 -0.8380901211095643 -0.2537703929370369
2453266.5335224625 -1.022067482433302 -0.8476729703552819 -0.2529263151039814
2453267.5335224625 -1.010035106091305 -0.8571542526064988 -0.2520519325380616
2453268.5335224625 -0.9978808445616375 -0.8665320915564879 -0.251147132314322
2453269.5335224625 -0.985605295740158 -0.875804600948084 -0.2502118049336813
2453270.5335224625 -0.9732090865890669 -0.8849698849188659 -0.2492458444477664
2453271.5335224625 -0.960692873693403 -0.8940260383652396 -0.2482491485860998
2453272.5335224625 -0.9480573438194221 -0.902971147325966 -0.2472216188856313
2453273.5335224625 -0.9353032144743123 -0.9118032893856409 -0.2461631608225882
2453274.5335224625 -0.9224312344666753 -0.9205205340986092 -0.245073683946629
2453275.5335224625 -0.9094421844671825 -0.9291209434337859 -0.2439531020172657
2453276.5335224625 -0.8963368775687915 -0.9376025722408254 -0.2428013331425148
2453277.5335224625 -0.8831161598458847 -0.9459634687380729 -0.2416182999197378
2453278.5335224625 -0.8697809109116931 -0.9542016750227353 -0.2404039295786144
2453279.5335224625 -0.8563320444733136 -0.9623152276036652 -0.2391581541261944 1
2454169.2591583026 0.8522369157989785 1.217500580613184 0.2660513893949141
2454170.2591583026 0.843033654534087 1.227691375903665 0.2656993524595583
2454171.2591583026 0.8337583369814581 1.237777246767865 0.265324603837755
2454172.2591583026 0.8244121795863387 1.247757960057197 0.2649273103621921
2454173.2591583026 0.8149963905209475 1.257633294441527 0.2645076388368633
2454174.2591583026 0.8055121696829309 1.267403040159113 0.2640657560098154
2454175.2591583026 0.7959607086974141 1.277066998770886 0.2636018285469283
2454176.2591583026 0.786343190922499 1.286624982919058 0.263116023006706
2454177.2591583026 0.7766607914580622 1.296076816090004 0.2626085058160464
2454178.2591583026 0.7669146771577089 1.3054223323814 0.2620794432469688
2454179.2591583026 0.7571060066437486 1.314661376273569 0.26152900139427
2454180.2591583026 0.747235930325055 1.323793802404996 0.2609573461540856
2454181.2591583026 0.7373055904176844 1.332819475351988 0.2603646432033319
2454182.2591583026 0.7273161209681269 1.341738269412408 0.2597510579800045
2454183.2591583026 0.7172686478790681 1.350550068393471 0.2591167556643093
2454184.2591583026 0.7071642889375476 1.359254765403538 0.2584619011606028
2454185.2591583026 0.6970041538453967 1.367852262647869 0.257786659080122
2454186.2591583026 0.686789344251852 1.376342471228298 0.2570911937244761
2454187.2591583026 0.6765209537882341 1.384725310946764 0.2563756690698853
2454188.2591583026 0.6662000681045915 1.393000710112671 0.2556402487521403
2454189.2591583026 0.6558277649082144 1.401168605354021 0.2548850960522643
2454190.2591583026 0.6454051140039151 1.409228941432262 0.2541103738828573
2454191.2591583026 0.634933177335994 1.417181671060825 0.2533162447751007
2454192.2591583026 0.6244130090317928 1.425026754727276 0.2525028708664079
2454193.2591583026 0.6138456554467545 1.432764160519055 0.2516704138886957
2454194.2591583026 0.6032321552109082 1.440393863952731 0.250819035157263
2454195.2591583026 0.5925735392766941 1.44791584780675 0.249948895560257
2454196.2591583026 0.581870830968057 1.455330101957594 0.2490601555487086
2454197.2591583026 0.5711250460307306 1.462636623219331 0.2481529751271216
2454198.2591583026 0.5603371926836413 1.469835415186487 0.2472275138445989
2454199.2591583026 0.5495082716713653 1.476926488080201 0.2462839307864866
2454200.2591583026 0.538639276317565 1.483909858597605 0.245322384566525 1
