1998-06-27T06:32
     8.05926    2083.69    155.615  0
     8.24642    2292.35    147.034  0
     8.43345    2699.68    272.981  0
     8.62034    2804.24    135.847  0
     8.80680    2969.38    144.157  0
     8.99337    3222.29    163.406  0
     9.17978    3184.97    138.224  0
     9.92326    4035.62    141.600  0
    10.10869    4124.47    141.142  0
    10.29391    4131.03    111.313  0
    10.47862    4296.08    208.429  0
     10.6634    4064.30    161.956  0
     10.8479    4531.23    120.073  0
     11.0322    4769.75    232.703  0
     11.2159    4916.18    167.330  0
     11.3996    4905.88    177.549  0
     11.5831    4928.76    156.657  0
     11.7662    5170.40    305.373  0
     11.9491    6143.52    270.969  0
     12.1314    5607.18    201.468  0
     12.3137    5739.92    391.946  0
     12.4957    5649.96    358.286  0
     12.6773    6428.63    428.693  0
     12.8583    5897.55    279.615  0
     13.0393    5918.71    439.367  0
1998-06-27T07:33
     8.05926    2204.87    230.317  0
     8.24642    2520.73    195.395  0
     8.43345    2788.23    173.181  0
     8.62034    2853.96    185.667  0
     8.80680    3107.39    230.630  0
     8.99337    3389.42    199.471  0
     9.17978    3555.37    245.805  0
     9.92326    4398.94    232.755  0
    10.10869    3998.63    153.843  0
    10.29391    4292.09    166.462  0
    10.47862    4522.15    198.085  0
     10.6634    4432.13    210.372  0
     10.8479    4471.37    277.850  0
     11.0322    4959.14    232.662  0
     11.2159    4703.68    315.447  0
     11.3996    4784.70    363.562  0
     11.5831    4815.81    308.933  0
     11.7662    4511.64    1312.74  0
     11.9491    6159.28    401.850  0
     12.1314    5853.35    540.658  0
     12.3137    5947.73    473.532  0
     12.4957    5525.92    506.209  0
     12.6773    5785.11    506.613  0
     12.8583    5904.50    424.218  0
     13.0393    6455.75    534.206  0
1998-06-29T05:49
     8.05926    2108.82    87.9774  0
     8.24642    2319.39    68.5283  0
     8.43345    2495.77    62.7048  0
     8.62034    2654.21   103.8072  0
     8.80680    2750.15   102.4626  0
     8.99337    3081.62    82.7787  0
     9.17978    3045.39    117.174  0
     9.92326    3943.35    123.541  0
    10.10869    3901.51    84.1037  0
    10.29391    4059.15   104.3485  0
    10.47862    4259.67    197.098  0
     10.6634    4289.79    82.3187  0
     10.8479    4423.36    118.614  0
     11.0322    4656.70    85.1449  0
     11.2159    5037.76    111.890  0
     11.3996    4961.43    126.452  0
     11.5831    4889.65    138.767  0
     11.7662    5151.18    133.820  0
     11.9491    5214.76    118.538  0
     12.1314    5666.71    246.016  0
     12.3137    5309.73    219.555  0
     12.4957    5659.57    213.454  0
     12.6773    5524.36    332.590  0
     12.8583    6152.47    213.257  0
     13.0393    6273.75    344.203  0
1998-06-29T05:57
     8.05926    2172.40   100.7172  0
     8.24642    2257.23    67.5181  0
     8.43345    2481.17    79.4660  0
     8.62034    2699.10    106.602  0
     8.80680    2748.10   101.9270  0
     8.99337    2958.26    121.333  0
     9.17978    3292.70    130.861  0
     9.92326    3934.17    127.381  0
    10.10869    3898.33    128.152  0
    10.29391    4064.31    115.307  0
    10.47862    4252.31    315.480  0
     10.6634    4098.71    117.059  0
     10.8479    4301.63    124.863  0
     11.0322    4449.66    109.229  0
     11.2159    4710.39    155.687  0
     11.3996    4847.04    180.995  0
     11.5831    4681.50    107.915  0
     11.7662    5173.51    114.419  0
     11.9491    5117.91    175.530  0
     12.1314    5287.17    234.729  0
     12.3137    5282.25    148.015  0
     12.4957    5913.93    293.997  0
     12.6773    5490.89    193.883  0
     12.8583    5765.63    112.242  0
     13.0393    6079.46    244.588  0
1998-06-30T05:53
     8.05926    1917.46    78.0296  0
     8.24642    2132.07    107.790  0
     8.43345    2276.44    117.959  0
     8.62034    2513.76    116.915  0
     8.80680    2563.36    108.968  0
     8.99337    2596.03    152.492  0
     9.17978    3165.46    111.001  0
     9.92326    3478.59    116.944  0
    10.10869    3566.01   105.1658  0
    10.29391    3533.37    86.6367  0
    10.47862    3831.38    237.805  0
     10.6634    4182.40    139.139  0
     10.8479    4062.43    121.042  0
     11.0322    4181.48    131.483  0
     11.2159    4407.52    127.551  0
     11.3996    4433.52    105.547  0
     11.5831    4928.77    183.638  0
     11.7662    4702.78    158.376  0
     11.9491    5042.62    181.261  0
     12.1314    5146.25    220.891  0
     12.3137    4905.45    189.758  0
     12.4957    5459.17    279.050  0
     12.6773    5716.50    252.921  0
     12.8583    5103.35    210.609  0
     13.0393    5495.67    286.335  0
1998-06-30T07:08
     8.05926    2334.35    93.9993  0
     8.24642    2604.36    64.6856  0
     8.43345    3138.51    95.3801  0
     8.62034    3254.84    96.3630  0
     8.80680    3516.18    170.504  0
     8.99337    3544.51    116.258  0
     9.17978    3705.34    153.288  0
     9.92326    4464.48    166.014  0
    10.10869    4500.33    110.070  0
    10.29391    4694.45    121.041  0
    10.47862    4465.98    189.818  0
     10.6634    5009.95    151.047  0
     10.8479    5231.42    124.705  0
     11.0322    5358.48    130.113  0
     11.2159    5645.18    164.433  0
     11.3996    5796.64    141.519  0
     11.5831    5747.93    177.532  0
     11.7662    6075.01    161.160  0
     11.9491    6102.48    240.167  0
     12.1314    6207.57    247.176  0
     12.3137    5972.50    240.893  0
     12.4957    6926.68    219.611  0
     12.6773    6603.44    239.413  0
     12.8583    6157.53    174.965  0
     13.0393    6684.16    234.970  0
1998-06-30T08:08
     8.05926    2176.55    181.909  0
     8.24642    2420.80    120.847  0
     8.43345    2631.08    99.5787  0
     8.62034    2764.46    135.320  0
     8.80680    3168.63    106.495  0
     8.99337    3034.76    114.303  0
     9.17978    3291.03    149.696  0
     9.92326    3858.89    178.887  0
    10.10869    4158.45    147.337  0
    10.29391    4171.17    162.987  0
    10.47862    4361.63    974.347  0
     10.6634    4344.14    161.821  0
     10.8479    4545.27    186.854  0
     11.0322    4824.02    245.138  0
     11.2159    5000.07    225.831  0
     11.3996    4976.75    202.332  0
     11.5831    4864.97    263.894  0
     11.7662    5413.71    181.637  0
     11.9491    5763.06    292.345  0
     12.1314    5889.42    176.038  0
     12.3137    6017.18    250.613  0
     12.4957    6063.04    375.230  0
     12.6773    6606.70    321.812  0
     12.8583    5732.37    408.546  0
     13.0393    6555.38    472.577  0
1998-06-28T05:53
     15.7565    70972.3    131488.  0
     15.8767    40397.8    42179.2  0
     16.0219   10168.60    3434.39  0
     16.1420    14467.4    3587.40  0
     16.2871    6209.79    2131.10  0
     16.4071    6530.47    2207.92  0
     16.5523    7801.52    1306.24  0
     16.6722    8025.45    1220.68  0
     16.7971    9723.47    1174.66  0
     16.9170    7981.81    497.448  0
     17.0810    8384.81    776.539  0
     17.2008    7887.51    500.939  0
     17.3453    8232.30    430.892  0
     17.4650    8952.87    423.036  0
     17.6089    8877.12    346.942  0
     17.7285    8318.99    384.086  0
     17.8721    8305.27    342.819  0
     17.9917    8099.47    225.779  0
     18.1350    8943.37    503.505  0
     18.2544    8451.75    211.914  0
     18.3978    7915.69    474.061  0
     18.5172    7787.50    562.297  0
     18.6599    8356.56    231.029  0
     18.7792    7532.69    375.450  0
     18.9217    8353.57    829.151  0
     19.0409    8513.09    1275.51  0
     19.1834    6630.05    1505.24  0
     19.3025    7548.72    597.793  0
     19.4442    7729.67    474.394  0
     19.5633    6715.15    625.010  0
     19.7047    8723.42    1061.91  0
     19.8236    7656.07    570.722  0
     19.9651    8273.81    2519.47  0
     20.0839    9547.99    1202.77  0
     20.2247    8803.82    823.503  0
     20.3434    7914.74    361.046  0
     20.4838    8614.61    780.917  0
     20.6024    8437.97    451.267  0
     20.7428    8765.92    662.241  0
     20.8613    8135.02    239.239  0
     21.0009    9963.77    1489.65  0
     21.1193    7905.55    948.873  0
     21.2586    9229.83    1436.51  0
     21.3768    7642.84    418.869  0
     21.5161    8372.09    795.868  0
     21.6342    7177.34    774.286  0
     21.7727    17152.8    6680.25  0
     21.8907    5466.67    2086.97  0
     22.0288    9661.34    1012.67  0
     22.1467    8205.62    1144.61  0
     22.2843    7688.66    562.464  0
     22.4021    6548.26    865.338  0
     22.5396    3047.48    2173.73  0
     22.6573    6917.42    841.883  0
     22.8130    8846.84    319.092  0
     22.9305    9418.51    767.523  0
     23.0479    7488.52    1181.16  0
     23.1652    5869.00    1015.12  0
     23.3015    8336.57    810.210  0
     23.4187    8107.72    1745.25  0
     23.5541    10902.9    4125.02  0
     23.6712    14609.8    8674.42  0
     23.8061    40662.6    32265.0  0
     23.9231   -22135.6    230266.  0
1998-06-28T06:09
     15.7565   -105682.    158377.  0
     15.8767   -40102.6   100998.9  0
     16.0219    8912.03    6417.38  0
     16.1420   -306.247    4383.38  0
     16.2871    3253.74    1951.16  0
     16.4071    5908.71    2635.59  0
     16.5523    7771.89    729.577  0
     16.6722    6684.70    1824.02  0
     16.7971    8821.38    994.823  0
     16.9170    7706.12    924.860  0
     17.0810    8375.96    660.008  0
     17.2008    7800.88    962.970  0
     17.3453    8323.66    708.748  0
     17.4650    7272.48    478.495  0
     17.6089    8093.30    402.829  0
     17.7285    7697.33    380.294  0
     17.8721    8712.94    350.360  0
     17.9917    8175.43    317.279  0
     18.1350    8093.36    561.826  0
     18.2544    7748.98    406.990  0
     18.3978    8252.76    579.914  0
     18.5172    7849.95    486.792  0
     18.6599    7769.69    205.632  0
     18.7792    7629.76    299.677  0
     18.9217    7650.67    1394.74  0
     19.0409    8272.62    1413.22  0
     19.1834    8094.33    680.659  0
     19.3025    8299.81    589.692  0
     19.4442    7663.07    486.715  0
     19.5633    7350.54    985.541  0
     19.7047    7880.95    1075.49  0
     19.8236    8520.81    1046.52  0
     19.9651    7774.85    804.790  0
     20.0839    7177.75    2940.93  0
     20.2247    7543.26    504.022  0
     20.3434    8346.07    420.702  0
     20.4838    8059.98    426.972  0
     20.6024    7483.25    1038.50  0
     20.7428    8330.38    400.605  0
     20.8613    6895.18    325.260  0
     21.0009    9113.22    726.779  0
     21.1193    9815.87    1876.23  0
     21.2586    7811.85    932.334  0
     21.3768    7460.92    766.580  0
     21.5161    8086.45    463.444  0
     21.6342    6458.42    961.111  0
     21.7727   10413.65    2305.33  0
     21.8907    11771.1    2441.59  0
     22.0288    9423.24    1182.84  0
     22.1467    7963.23    817.425  0
     22.2843    7508.36    746.502  0
     22.4021    7878.83    815.529  0
     22.5396    7870.72    1616.89  0
     22.6573    8402.18    1244.43  0
     22.8130    7303.36    640.204  0
     22.9305    8539.81    664.633  0
     23.0479    7321.21   1000.154  0
     23.1652    9096.01    915.378  0
     23.3015    8336.57    1103.54  0
     23.4187    8528.13    1693.29  0
     23.5541    6966.50    2858.92  0
     23.6712    1449.83    13501.0  0
     23.8061   -3798.16    25160.3  0
     23.9231   -237589.    1.66565E+06  0
